0.006851853070919
0.006848129865123
0.006545465193823
0.006006434975830
0.005277851549652
0.004408410030090
0.003274810234882
0.002013597161135
0.000629634362426
-0.000733476208892
-0.001900080197529
-0.002551871416954
-0.002512117118306
-0.001911517899013
-0.001164785694040
-0.000813238731945
-0.000454056275357
0.000359362730640
0.000954195018829
0.001428326998338
0.000929109905763
-0.000405163399838
-0.001339775634315
-0.001236194944551
0.000156217471650
0.002217142422330
0.001988299880857
0.000020216079639
-0.001039167356333
-0.000402925112281
0.000922578918792
0.002066538349156
-0.002783381704069
-0.002647676923204
-0.000544720604566
-0.000178671795966
-0.001633135672015
-0.004191888421570
-0.004915382227398
-0.000070404036172
0.003682148635034
0.001225385249142
0.001701370420596
0.000987594062383
0.001089583837484
0.001149428408744
0.001158496460349
0.001073912096409
0.000838120642058
0.000405441495808
-0.000147849755103
-0.000689397546219
-0.001101858654407
-0.001401480568003
-0.001542164913305
-0.001136727628833
0.000116427204814
0.001289510710592
0.001119654069911
-0.000041728923465
-0.000933959790496
-0.001068746747228
-0.000920973418663
-0.001105384720482
-0.001549118402472
-0.001686344990278
-0.001019317442255
0.000114149131334
0.000504884106046
-0.000317792858406
-0.001135205129528
-0.000316125865699
0.001528565056969
0.001336253467508
-0.001339901317121
-0.001778152614668
0.000637349404544
0.000518804887841
-0.001560972067027
-0.001750987426711
-0.000077822911957
0.000748875343258
0.000110676482538
-0.000681117554582
0.001285764110977
-0.004141309823891
-0.003726969006268
-0.002932098465349
-0.001631666991970
0.000289380149422
0.003108429238913
0.004995927002852
0.004322718191093
0.000806677995423
-0.000847014513782
-0.001003003217958
-0.000425578692958
-0.001673218876474
-0.003960801820919
-0.006030315634659
-0.007039674960898
-0.006431281043068
-0.004785983865908
-0.002347116812340
-0.002671366912443
-0.007612136872840
-0.013858570519831
-0.016943736300451
-0.013263864504294
-0.004331227926872
0.002942998046483
0.004438872691527
0.001199432756406
0.001724519691876
0.005754329488449
0.002924280256391
-0.002213807622574
-0.003195491446597
-0.000479860391898
-0.001255102284456
-0.001715037153653
-0.001741834655226
-0.002035974930901
0.000160512576017
0.002078415617140
0.000553251295368
0.001368620733069
-0.000071890403198
-0.000071739163245
-0.000070141720073
-0.000067517174996
-0.000063419193161
-0.000058234965813
-0.000051900420153
-0.000042487139162
-0.000027286541684
-0.000012043533024
0.000003126692163
0.000018519419517
0.000036692030134
0.000055024524457
0.000071293505286
0.000079685236867
0.000076565739683
0.000062014348615
0.000038866325318
0.000012681510336
-0.000009612968003
-0.000023635584083
-0.000031554918020
-0.000037585554055
-0.000040454606097
-0.000040897144083
-0.000040528262442
-0.000040060587386
-0.000038758325660
-0.000036145865882
-0.000032526536800
-0.000028311534813
-0.000023908977023
-0.000019783122505
-0.000016083439271
-0.000013005835951
-0.000010490848496
-0.000008308136596
-0.000006306202104
-0.000004389684719
-0.000002559033486
-0.000000775286200
0.002340777025743
0.001545685142257
0.001076596847384
0.000621763608667
0.000114319867685
-0.000324651204282
0.000397986420709
0.002619315676805
0.004726854022953
0.004625297572539
0.002636330711743
0.000509410592625
-0.000153919076334
0.001451221558549
0.005522098276948
0.009237162254087
0.010689985292308
0.011799000836038
0.015031622672363
0.020671737067539
0.028185227233290
0.035863104436271
0.041149957397087
0.043118493208226
0.042635218764151
0.038818733414269
0.027941073233065
0.011629700309557
-0.001175228369678
-0.004692186521906
0.001145581936737
0.005028741364912
0.000000000000000
-0.000247203749741
-0.004835208928054
0.000000000000000
0.000000000000000
-0.000039652491109
0.003651936845333
0.001229666109207
0.000516895595218
0.003828651800490
-0.000001325144489
0.000000265302017
0.000029556365836
0.000232126764548
0.001134629760491
0.003240598972356
0.004328719376369
0.005721913576544
0.003018925826798
0.006988134713592
0.008252177393029
0.009101111598399
0.006537317585765
0.005982038924004
0.012676362674616
0.014208971431427
0.009598098404936
0.003674763459821
0.000100511094568
0.000087597462253
0.000072408881445
0.000069927125109
0.000034404921874
0.000007532715101
0.000000480106462
0.000000000000000
0.000000000000000
0.000000000000000
0.000000000000000
0.000000000000000
0.000000000000000
0.000000000000000
0.000000000000000
0.000000000000000
0.000000000000000
0.000000000000000
0.000000000000000
0.000000000000000
0.000000000000000
0.000000000000000
0.000000000000000
0.000000000000000
0.008930398688921
0.008608715916432
0.008282439723147
0.007965718677765
0.007704765882186
0.007602194622892
0.007829789036688
0.008630660995519
0.010389974289916
0.013695259293432
0.018181584134948
0.021099264864232
0.019618159820749
0.015419395460666
0.010610431849417
0.006168969316143
0.003148684703124
0.001457594907279
0.000065747449738
0.000046038235112
0.000042430808016
0.000016355757671
0.000003557084982
0.000000270931655
0.000000000208161
0.000000001612942
0.000000000000000
0.000000000000000
0.000000000000000
0.000000000000000
0.000000000000000
0.000000000000000
0.000000000000000
0.000000000000000
0.000000000000000
0.000000000000000
0.000000000000000
0.000000000000000
0.000000000000000
0.000000000000000
0.000000000000000
0.000000000000000
0.000000000000000
0.000000000000000
0.000000000000000
0.000000000000000
0.000000000000000
0.000000000000000
0.000000000000000
0.000000000000000
0.000000000000000
0.000000000000000
0.000000000000000
0.000000000000000
0.000000000000000
0.000000000000000
0.000000000000000
0.000000000000000
0.000000000000000
0.000000000000000
0.000000000000000
0.000000000000000
0.000000000000000
0.000000000000000
0.000000000000000
0.000000000000000
0.000000000000000
0.000000000000000
0.000000000000000
0.000000000000000
0.000000000000000
0.000000000000000
0.000000000000000
0.000000000000000
0.000000000000000
0.000000000000000
0.000000000000000
0.000000000000000
0.000000000000000
0.000000000000000
0.000000000000000
0.000000000000000
0.000000000000000
0.000000000000000
0.000000000000000
0.000000000000000
0.000000000000000
0.000000000000000
0.000000000000000
0.000000000000000
0.000000000000000
0.000000000000000
0.000000000000000
0.000000000000000
0.000000000000000
0.000000000000000
0.000000000000000
-0.000000000003854
0.000000010866267
0.000001020217066
0.000056972078837
0.000884752323893
0.009291669678959
0.011848125292707
0.016863232275360
0.025175421642988
0.036748847138586
0.050864324443057
0.063836237297966
0.068831926542862
0.062643612965536
0.051184398709850
0.041895218764031
0.028333865064375
0.010555619047385
0.001895803430481
0.000164817506586
0.000011532855003
0.000000140620336
0.000000000144185
0.000000000005366
0.000000000000311
0.000000000000000
0.000000000000000
0.000000000000000
0.000000000000000
0.000000000000000
0.000000000000000
0.000000000000000
0.000000000000000
0.000000000000000
0.000000000000000
0.000000000000000
0.000000000000000
0.000000000000000
0.000000000000000
0.000000000000000
0.000000000000000
0.000000000000000
0.000000000000000
0.000000000000000
0.000000000000000
0.000000000000000
0.000000000000000
0.000000000000000
0.000000000000000
0.000000000000000
0.000000000000000
0.000000000000000
0.000000000000000
0.000000000000000
0.000000000000000
0.000000000000000
0.000000000000000
0.000000000000000
0.000000000000000
0.000000000000000
0.000000000000000
0.000000000000000
0.000000000000000
0.000000000000000
0.000000000000000
0.000000000000000
0.000000000000000
0.000000000000000
0.000000000000000
0.000000000000000
0.000000000000000
