0.001498064574323
0.000867499830774
0.000688277282590
0.000609623704512
0.000450254002082
0.000057940755768
-0.000511758817498
-0.001123966085629
-0.001597578248723
-0.001814752328306
-0.001751037377339
-0.001418973327991
-0.000922104629922
-0.000508592328133
-0.000569085436094
-0.001009287810705
-0.001249628314047
-0.001032831220840
-0.000738322357647
0.000043288070060
0.001282651235212
0.002347724034472
0.002383100435709
0.001506785845930
-0.000441222956547
-0.003108066616375
-0.005638809171078
-0.006670918441171
-0.005569826954990
-0.002420601543122
0.001890493839808
0.006853312219572
0.006656313247001
0.001917080395173
-0.001052749357922
-0.001432830642211
0.000206026625560
0.000522237485131
0.000289712100014
0.000805988795183
-0.000149610109140
-0.002899173791315
-0.000144821802308
0.003903210599618
0.003825042851104
0.003759573681646
0.003648542589488
0.003443739581829
0.003124095876155
0.002718660846408
0.002334071454868
0.002105257126590
0.002048112755428
0.002042222249123
0.002063930889399
0.002422669746883
0.003480460455187
0.004934893866134
0.005779153767593
0.005273696428936
0.003324116027843
-0.000312106098304
-0.005807573709400
-0.011850075912546
-0.016225128268206
-0.018141330483761
-0.018579992100873
-0.018183543147019
-0.016990052616436
-0.015361276248166
-0.014139478008652
-0.014110746336961
-0.015502777414171
-0.017309683365129
-0.015160863459391
-0.004209669914149
0.001698337401626
-0.002516751995315
-0.004544706714671
-0.001048774010461
0.001163742562863
-0.000211234268423
-0.000676884374246
0.001320913227198
-0.002169933621295
-0.006539506512637
-0.004067966332997
-0.001043997580934
0.002106006837179
0.004655182846322
0.005956203620768
0.005828738428580
0.004914740127548
0.003879875078922
0.003017351524795
0.001663895030937
-0.001510091278292
-0.006380394818873
-0.010434234573881
-0.011119673912466
-0.009048246691200
-0.006904083599859
-0.003262353333406
0.003278823637347
0.003986384481851
-0.002155861973062
-0.007773230420294
-0.008292159563970
-0.004630931524501
-0.000144590856617
0.003230103552126
0.004987148331728
0.005149294465473
0.002816918470783
-0.003470114305244
-0.005961924401242
0.001347212270472
0.004355149108514
-0.003044869071014
-0.008494912477516
-0.001300921821608
0.005890863840450
0.002572737462470
-0.004539744047059
-0.004264413616594
0.000220500574014
0.002631073966829
-0.000413968071976
-0.000403265208086
-0.000391761514551
-0.000380426020096
-0.000369000318165
-0.000357650963032
-0.000344856583781
-0.000330334462539
-0.000307766485575
-0.000271861761447
-0.000224208109725
-0.000169656584453
-0.000117378562163
-0.000078788721383
-0.000050655924892
-0.000029759369676
-0.000009511659721
0.000010521258275
0.000026727500470
0.000025175869558
0.000007907503398
-0.000012017126099
-0.000028278712148
-0.000042135546396
-0.000054264607903
-0.000060076490437
-0.000058663326669
-0.000049584758958
-0.000034434245168
-0.000016976428883
-0.000000934114243
0.000008468674572
0.000010257245606
0.000008577945837
0.000006550953183
0.000004743598606
0.000003122652887
0.000001941770077
0.000001231187456
0.000000680114559
0.000000019383721
0.000001851905239
-0.005795038064152
-0.005440344387764
-0.004139787115438
-0.002454344054242
-0.000622128753485
0.000918133383837
0.001371329375997
-0.000018580996696
-0.003345718940885
-0.007461257399934
-0.010971209817011
-0.013738879731387
-0.016077497346703
-0.017435867565981
-0.016654619404797
-0.013418639481565
-0.009861600630589
-0.007498739136895
-0.004286706063874
-0.001179592586745
0.000881551999125
0.001815575272614
0.003707375456909
0.006525074354280
0.008951298644540
0.009612491902805
0.009324169917487
0.009906423901073
0.010136354570587
0.008369765961126
0.004676097734065
0.003699158089950
0.003247427539697
0.000724208274331
0.000148258279434
-0.002543685123080
-0.005466253316869
-0.005031539887592
-0.000575839620233
0.001332087038868
-0.000095645954810
0.000000000000000
0.000005357531088
0.000011575144572
-0.000022451739059
-0.000256011139208
-0.001079139078911
-0.003065127369733
-0.006576781999632
-0.010776391246866
-0.013820510567756
-0.012559441841575
-0.006680875176571
-0.000944185769651
-0.000421037027982
-0.003594338707971
-0.003805442921363
0.000246044719914
0.001493006162604
-0.003072972328470
-0.003157313687798
0.009103307237041
0.011774353041310
0.005697432660019
0.003184653503004
0.003803442115143
0.001628787109983
-0.005252163537145
-0.000884282203918
-0.000000000000836
-0.000000000000010
0.000000000000000
0.000000000000000
0.000000000000000
0.000000000000000
0.000000000000000
0.000000000000000
0.000000000000000
0.000000000000000
0.000000000000000
0.000000000000000
0.000000000000000
0.000000000000000
0.000000000000000
-0.000589718674939
-0.001264329662226
-0.001945532994925
-0.002631353961840
-0.003332119388311
-0.004039450640958
-0.004694029487750
-0.005204262710829
-0.005369101640164
-0.004871734065015
-0.003422632874089
-0.000755285753794
0.003357925090494
0.008894093357865
0.015000823781087
0.019465246385343
0.019791295687233
0.014412342840763
0.005094773905029
0.001595368340640
0.003040253334428
0.001380707236466
0.000569962536225
0.000296050217993
-0.000074703791836
-0.000015186809318
-0.000001538838391
-0.000000043040383
0.000000000000000
0.000000000000000
0.000000000000000
0.000000000000000
0.000000000000000
0.000000000000000
0.000000000000000
0.000000000000000
0.000000000000000
0.000000000000000
0.000000000000000
0.000000000000000
0.000000000000000
0.000000000000000
0.000000000000000
0.000000000000000
0.000000000000000
0.000000000000000
0.000000000000000
0.000000000000000
0.000000000000000
0.000000000000000
0.000000000000000
0.000000000000000
0.000000000000000
0.000000000000000
0.000000000000000
0.000000000000000
0.000000000000000
0.000000000000000
0.000000000000000
0.000000010408243
0.000008769234778
0.000239520046187
0.000240949253484
-0.000238406959408
-0.000115916317006
0.002593405137721
0.023267516528128
0.025399991172955
-0.014229068684135
0.014696411636248
0.031534253338052
0.033612086756426
0.025424017004216
0.013767052598081
0.004693011418714
0.000648905290574
0.000018985919055
-0.000000324306577
0.000000000165056
0.000000000000000
0.000000000000000
0.000000000000000
0.000000000000000
0.000000000000000
0.000000000000000
0.000000000000000
0.000000000000000
0.000000000000000
0.000000000000000
0.000000000000000
0.000000000000000
0.000000000000000
0.000000000000000
0.000000000000000
0.000000000000000
0.000000000000000
0.000000000000000
0.000000001442591
0.000000413860951
0.000022259135545
0.000361714076121
0.002552603108747
0.020102833931131
0.029708303897732
0.035290621002688
0.037934331697185
0.039171232047269
0.042048113733424
0.047775766419747
0.053993627378699
0.054506796249405
0.049420533115918
0.038907990171402
0.023745412556644
0.010090598237158
0.004604269306191
0.003108919519412
0.000752488431853
0.000018835937125
0.000000089721812
0.000000009980883
0.000000001942718
0.000000000066261
0.000000000000215
0.000000000000000
0.000000000000000
0.000107506130253
0.000110492070632
0.000117870611396
0.000126231156386
0.000133513138865
0.000141076779843
0.000150442051047
0.000166052772590
0.000199006514050
0.000275918607628
0.000428320515582
0.000716383304384
0.001254637992744
0.002238409616143
0.003945785678717
0.006786055637947
0.010839514275179
0.015096110481560
0.017396916034270
0.009029603524717
0.001308116622729
0.005562756387505
0.014870272166460
0.024656722231145
0.032213819370329
0.035923734365180
0.039360785530307
0.040329983981620
0.037975355274400
0.031793723872656
0.022577526596185
0.012337816353068
0.004205703157189
0.000454224184521
0.000005689413697
0.000000028187627
0.000000001655434
0.000000000129168
0.000000000000000
0.000000000000000
0.000000000000000
0.000000000000000
