-0.009281764958849
-0.009894851926067
-0.008830074355989
-0.007445682486888
-0.005979929126251
-0.004821408602372
-0.003892577182808
-0.002808528573095
-0.001441262900860
-0.000065139132822
0.001053821398918
0.002133261949690
0.003640811202930
0.005432518900487
0.006823012406629
0.006561876838647
0.005538901730359
0.005898618571041
0.006653469375367
0.006727209837285
0.006066995992943
0.006774580850084
0.008873642170632
0.010509365942510
0.010087299317831
0.007502316777364
0.003183649547003
-0.001619213415240
-0.007075289131110
-0.008969024332609
-0.002788148806811
0.008521013879187
-0.001088843928904
-0.001915140616016
0.004900383503970
0.006936825931965
0.004641045134560
0.003217121513958
0.000408364480918
-0.000567851771998
0.001897482508509
0.006474468343105
-0.002835670867961
-0.005223578225994
-0.004841036651098
-0.004173502963015
-0.003275000955350
-0.002237217414250
-0.001135794078424
0.000032762003358
0.001303202451486
0.002634700648837
0.003883796163141
0.004702704215798
0.004358844663886
0.002121196424286
-0.001749278892175
-0.006061836414622
-0.010528523956506
-0.016172765026800
-0.022430527983425
-0.026449693935745
-0.027201296232032
-0.027656028765450
-0.030008559849984
-0.031582553575169
-0.028846502579101
-0.021502110895203
-0.011476839281183
-0.001817646142552
0.005306396818429
0.009079506744498
0.007119485830545
-0.004981998920128
-0.023295856540899
-0.020578051739591
0.001696739518816
0.007407077647490
-0.001647853295874
-0.007471026133096
-0.005456542725592
-0.002702757761322
-0.002019525409843
-0.001064969867606
0.000211242095774
-0.029193930593765
-0.026582857079240
-0.021107683045777
-0.013538247857569
-0.003542442466360
0.007273242432258
0.014517905548953
0.015058649342800
0.010911008747891
0.004269684015302
-0.000827842492138
-0.000363416893842
0.004472169100251
0.009203091893557
0.010055691050171
0.007710147435761
-0.001844132770783
-0.015087078609465
-0.017512135165568
-0.015530694980840
-0.004238462950500
0.005402756361376
0.011376577012418
0.016592426284770
0.011383376542117
-0.003650207626358
-0.015590909354229
-0.019465057652075
-0.011899065791686
0.015424012552169
0.037937259526740
0.016211584865101
0.006285279294206
0.000142836936983
-0.011876400064498
-0.012335346585733
0.005330545683248
0.013999146251296
0.004910889679209
-0.007172604248780
-0.005913959655404
0.003115008985885
0.000069363377909
0.000078185033420
0.000077705174404
0.000079076334001
0.000077584500698
0.000074127773353
0.000076282669686
0.000083480960445
0.000087840038736
0.000064427774018
0.000017839151796
-0.000052611010081
-0.000129481878233
-0.000203551653941
-0.000256080782231
-0.000290863711858
-0.000320782937121
-0.000338349837245
-0.000339099689824
-0.000318542948102
-0.000294009538201
-0.000265053080339
-0.000233211735006
-0.000200211415003
-0.000163692328115
-0.000123247343206
-0.000070385852529
-0.000012881825252
0.000039256024211
0.000076435291510
0.000094859533987
0.000094880760773
0.000083207629811
0.000069239786489
0.000057048087880
0.000046751924155
0.000037715308031
0.000030098576549
0.000023848143095
0.000018658705494
0.000014198437983
0.000002224036792
0.009477411109061
0.007213821127953
0.004356163384204
0.000509516162884
-0.003207743927990
-0.005654047830706
-0.004507599132124
0.001501033541064
0.011091018793829
0.022344530103381
0.032664575000447
0.039361422602625
0.040106079054764
0.033650516197846
0.024063660686474
0.019649965451388
0.028813580286683
0.048632613477041
0.068035579009489
0.078083345529427
0.082083189042442
0.072975934332787
0.048794870801807
0.015374711632389
-0.021230443078101
-0.051935362545608
-0.067489299434247
-0.068582319699718
-0.059024480083334
-0.037358048223489
-0.006878572539487
-0.009950212207195
-0.010897648600221
0.003555775727340
0.008458186514454
0.002828934674855
-0.007468615978207
-0.014990974945790
-0.023996322956335
-0.022445948475437
-0.015621504975690
0.000000000000000
-0.000058666862238
-0.000059948633201
0.000084666821617
0.000563813602488
0.001571739065523
0.002457755473484
0.000671786975733
-0.003781261897968
-0.006926857008712
-0.007442519764613
-0.003481030757056
0.007162462266531
0.017625057125796
0.016429259222524
0.000503121144932
-0.010155665842675
0.000748222682903
0.009494196273218
-0.021573294315383
-0.027141957485155
-0.002861903587104
0.006347180264732
-0.010303347235505
-0.022677240347010
-0.017287515165789
-0.006781608200335
0.002440229812767
0.000000000000995
0.000000000000088
0.000000000000000
0.000000000000000
0.000000000000000
0.000000000000000
0.000000000000000
0.000000000000000
0.000000000000000
0.000000000000000
0.000000000000000
0.000000000000000
0.000000000000000
0.000000000000000
0.000000000000000
0.012623301576473
0.011778268290779
0.010827831275168
0.009718195657905
0.008387445943052
0.006743375978534
0.004719426038211
0.002218264755407
-0.000889929660279
-0.004698075580755
-0.009171702071937
-0.014175160269859
-0.019540016426948
-0.024517550637369
-0.026919314889383
-0.025103270788996
-0.020719460893873
-0.016298711279538
-0.007146276769343
0.008096296184848
0.007702201432777
0.002774785445000
0.000485833291806
-0.000415485054564
-0.000322371108118
-0.000007920050797
0.000003948060920
0.000000264983738
0.000000000000000
0.000000000000000
0.000000000000000
0.000000000000000
0.000000000000000
0.000000000000000
0.000000000000000
0.000000000000000
0.000000000000000
0.000000000000000
0.000000000000000
0.000000000000000
0.000000000000000
0.000000000000000
0.000000000000000
0.000000000000000
0.000000000000000
0.000000000000000
0.000000000000000
0.000000000000000
0.000000000000000
0.000000000000000
0.000000000000000
0.000000000000000
0.000000000000000
0.000000000000000
0.000000000000000
0.000000000000000
0.000000000000000
0.000000000000000
0.000000000000000
-0.000000004385764
0.000053828014133
0.000795804628870
0.000683636219442
0.000543615425286
0.000630424797638
0.002980683523889
0.012440927738130
0.009866477925603
-0.019065060488502
0.028219414863042
-0.000214511792665
-0.013011489650523
-0.009003743996246
-0.002756208599025
-0.002640651490460
-0.001121508249769
-0.000016510291527
0.000000074048150
0.000000000000943
0.000000000000000
0.000000000000000
0.000000000000000
0.000000000000000
0.000000000000000
0.000000000000000
0.000000000000000
0.000000000000000
0.000000000000000
0.000000000000000
0.000000000000000
0.000000000000000
0.000000000000000
0.000000000000000
0.000000000000000
0.000000000000000
0.000000000000000
0.000000000000000
-0.000000001137751
0.000000640892221
0.000047555840105
0.000980184811087
0.007864272195465
0.072859045590006
0.110227787862927
0.129171077626628
0.135224159032011
0.123580072572327
0.092347725513240
0.042913761732889
-0.014273668627916
-0.062868776046016
-0.093763874383786
-0.098866636644541
-0.070028903391490
-0.023145020012516
0.004351768464501
-0.000510126353682
-0.001021762655695
-0.000042750247485
0.000000048098564
-0.000000003460101
-0.000000000014977
-0.000000000000810
0.000000000000015
0.000000000000000
0.000000000000000
-0.000017120413133
-0.000025432207899
-0.000028815359691
-0.000031839702135
-0.000037916652400
-0.000045793548533
-0.000055675254052
-0.000075793890850
-0.000103588501955
-0.000124444525635
-0.000131276208065
-0.000133078543007
-0.000208410321622
-0.000616428423262
-0.001874039208547
-0.004688881944759
-0.010356011452916
-0.020934665200230
-0.022165106911164
-0.018693019918677
-0.000447073176748
0.009091906468877
0.010883818685323
0.012884245793013
0.015887984334134
0.018806959791380
0.018206483324454
0.012758174855170
0.006531659159406
0.003114034829754
0.000607617409701
-0.002328865144162
-0.003236019398792
-0.001020054670274
-0.000033335625181
0.000000020240004
-0.000000000830014
-0.000000000087664
0.000000000000000
0.000000000000000
0.000000000000000
0.000000000000000
