-0.030541883241690
-0.031634605304377
-0.035741300038866
-0.043918636797381
-0.053589731481540
-0.058833389402431
-0.053741518423930
-0.040502233903150
-0.024828145637318
-0.010785495806245
0.000188679660592
0.006728803447234
0.007301077465390
0.003571473976557
-0.001768501833633
-0.005822691056332
-0.007940026087297
-0.009527518162832
-0.007368237137897
-0.000839680855021
0.005255358227613
0.007144354302799
0.007331894076170
0.013490302823343
0.029411458444165
0.047693857467473
0.061565635425235
0.060271382990718
0.041153792345781
-0.001450225149868
-0.063974196931815
-0.087903937843186
-0.071092562697763
-0.037175204826685
-0.016416650926446
0.002071776802690
0.011064161045058
0.003407385697826
-0.011460644354433
-0.031870550133450
-0.042689616707977
-0.028075421399495
-0.031153748878235
-0.006621362336640
-0.007471590312715
-0.008388516230060
-0.009184488928957
-0.009759849970401
-0.009557547686788
-0.007313625714436
-0.002658861521481
0.002661117193604
0.006386829569727
0.007478334593844
0.006274851682243
0.003938166502990
0.001694459359302
0.000323114496936
0.000112751515186
0.000831542840867
0.001177871993094
-0.000320789129997
-0.002246713707655
-0.000810493782791
0.005232507696003
0.011774042878490
0.012384818818092
0.005906868825832
-0.002084128773981
-0.008156101660431
-0.013455383727204
-0.014827270635531
-0.004405114519392
0.013087330461625
0.016285237474664
0.004384694821775
0.004721517975460
0.014376729018731
0.009164110874388
-0.003544701828098
-0.004882972497604
0.000321429335619
-0.004636715091142
-0.012974294031887
0.016764112450888
0.100267823309652
0.097187116425071
0.088817182275497
0.066861105545629
0.026492148706252
-0.020449090927501
-0.037317290019485
-0.016295883676729
0.013213286250999
0.030139056359247
0.035232441533063
0.036700427560575
0.039986858714368
0.044481829025263
0.049387950953392
0.053362047562582
0.052805954130123
0.040841482981119
0.003701514190140
-0.044412279353718
-0.060094053200487
-0.030735462637943
0.024867911952977
0.068062490454086
0.078195798916196
0.077174808488545
0.077575183201699
0.072822487420431
0.051640368892966
0.030132506411447
0.048341172003891
0.056665545804749
0.038692580672779
0.053988792445934
0.070831779819530
0.049569154612438
0.028231463114283
0.047479944771745
0.076208518592599
0.070970806220952
0.020363564518257
0.016063459978728
-0.006787255026776
-0.006834435039380
-0.006887472833026
-0.006948953652264
-0.007002924378921
-0.007034362899056
-0.007003579984414
-0.006859053434874
-0.006619682832290
-0.006345785826570
-0.006080514110012
-0.005834581743673
-0.005589651112777
-0.005285129358116
-0.004899403838526
-0.004452438378448
-0.004012382542210
-0.003650383818515
-0.003490281803908
-0.003561637994303
-0.003783312143783
-0.004097404425998
-0.004391039376669
-0.004519524602830
-0.004438729109018
-0.004213502828802
-0.003905269082716
-0.003560122482861
-0.003215657512557
-0.002886829002571
-0.002557066574933
-0.002213148272804
-0.001868837038302
-0.001546666830278
-0.001258142194800
-0.001004830437838
-0.000781678158449
-0.000586597431332
-0.000419475000766
-0.000275696313576
-0.000151996207669
-0.000035361119063
-0.035478511894333
-0.031090463964705
-0.019506620347371
0.001597156138572
0.031436709686173
0.052193600336199
0.038527267402292
-0.000858928307641
-0.025258199077195
-0.018845426127467
0.007362975722121
0.039323128170031
0.064109829444137
0.076679254274350
0.080007788761634
0.071540189479532
0.040792089108975
-0.002718232385231
-0.031834213248933
-0.051814729127561
-0.073334063019450
-0.094273553774938
-0.106714034574040
-0.099932535542362
-0.071661986139132
-0.029896981761428
0.017090288367101
0.042690327062015
0.027216268407651
0.016601734434219
0.083201845248932
0.130847080833541
0.000000000000000
-0.036395669985464
-0.013060234119355
0.000000000000000
0.000000000000000
0.114254079850617
0.045337036223282
-0.041064570133050
-0.043529952615328
0.000000000000000
-0.019919011454659
-0.026709749935519
-0.024956421456596
-0.006994191072631
0.011729639332315
0.003771604707032
0.006297834415686
0.008924772884459
-0.001136742752260
-0.000140485017846
-0.000010168928925
0.000021723889801
0.000095740146776
0.000150529040874
0.000118913418874
0.000048844566565
0.000201542454858
0.000176321075297
0.000587783246096
0.000263238630200
-0.000490966693785
-0.002198116577401
-0.003120826919819
-0.001155511034252
-0.000250571926771
0.000000000000000
0.000000000000000
0.000000000000000
0.000000000000000
0.000000000000000
0.000000000000000
0.000000000000000
0.000000000000000
0.000000000000000
0.000000000000000
0.000000000000000
0.000000000000000
0.000000000000000
0.000000000000000
0.000000000000000
0.000000000000000
0.000000000000000
0.007994382789000
0.008555346984808
0.009020830464903
0.009271874570874
0.009128028977256
0.008375333121896
0.006931355829974
0.005027439471660
0.002979119566706
0.001126120931760
-0.000302246405925
-0.002164294726620
-0.003483310296449
-0.003561080235816
-0.002410893002987
0.001759406211139
0.009272322778242
0.011926566827513
0.000999687625544
0.000264103563857
-0.000084020331438
-0.000054963205399
-0.000015600768318
-0.000011862109949
-0.000000613891883
-0.000000052029655
0.000000000000000
0.000000000000000
0.000000000000000
0.000000000000000
0.000000000000000
0.000000000000000
0.000000000000000
0.000000000000000
0.000000000000000
0.000000000000000
0.000000000000000
0.000000000000000
0.000000000000000
0.000000000000000
0.000000000000000
0.000000000000000
0.000000000000000
0.000000000000000
0.000000000000000
0.000000000000000
0.000000000000000
0.000000000000000
0.000000000000000
0.000000000000000
0.000000000000000
0.000000000000000
0.000000000000000
0.000000000000000
0.000000000000000
0.000000000000000
0.000000000000000
0.000000000000000
0.000000000000000
0.000000000000000
0.000000000000000
0.000000000000000
0.000000000000000
0.000000000000000
0.000000000000000
0.000000000000000
0.000000000000000
0.000000000000000
0.000000000000000
0.000000000000000
0.000000000000000
0.000000000000000
0.000000000000000
0.000000000000000
0.000000000000000
0.000000000000000
0.000000000000000
0.000000000000000
0.000000000000000
0.000000000000000
0.000000000000000
0.000000000000000
0.000000000000000
0.000000000000000
0.000000000000000
0.000000000000000
0.000000000000000
0.000000000000000
0.000000000000000
0.000000000000000
0.000000000000000
0.000000000000000
0.000000000000000
0.000000000000000
0.000000000000000
0.000000000000000
0.000000000000000
-0.000000000378701
-0.000000031834614
-0.000000747177877
0.000009934562418
0.000488988464431
0.001186398579869
0.004350456276019
0.011490739069799
0.020875270095792
0.029964081303607
0.031979373667853
0.016645182960574
0.000959596951908
0.008872121669383
0.014640458130359
0.001760331788998
-0.002313311071509
-0.001853677240992
-0.001179319037147
-0.000565335748137
-0.000087186894527
-0.000002692325386
-0.000000036867033
-0.000000000030849
-0.000000000000241
0.000000000000000
0.000000000000000
0.000000000000000
0.000000000000000
0.000000000000000
0.000000000000000
0.000000000000000
0.000000000000000
0.000000000000000
0.000000000000000
0.000000000000000
0.000000000000000
0.000000000000000
0.000000000000000
0.000000000000000
0.000000000000000
0.000000000000000
0.000000000000000
0.000000000000000
0.000000000000000
0.000000000000000
0.000000000000000
0.000000000000000
0.000000000000000
0.000000000000000
0.000000000000000
0.000000000000000
0.000000000000000
0.000000000000000
0.000000000000000
0.000000000000000
0.000000000000000
0.000000000000000
0.000000000000000
0.000000000000000
0.000000000000000
0.000000000000000
0.000000000000000
0.000000000000000
0.000000000000000
0.000000000000000
0.000000000000000
0.000000000000000
0.000000000000000
0.000000000000000
0.000000000000000
