4.5255
4.5255
4.5255
4.5255
4.5255
4.5255
4.5255
4.5255
4.5255
4.5255
4.5255
4.5255
4.5255
4.5255
4.5255
4.5255
4.5255
4.5255
4.5255
4.5255
4.5255
4.5255
4.5255
4.5255
4.5255
4.5255
4.5255
4.5255
4.5255
4.5255
4.5255
4.5255
4.5255
4.5255
4.5255
4.5255
4.5255
4.5255
4.5255
4.5255
4.5255
4.5255
0.0012432
0.04266
0.08668
0.12959
0.17026
0.20832
0.24384
0.27735
0.30895
0.33801
0.36387
0.38625
0.40563
0.42292
0.43926
0.45569
0.47224
0.48675
0.49595
0.49996
0.50267
0.50819
0.5176
0.52941
0.54241
0.55464
0.56119
0.55286
0.51783
0.44901
0.35232
0.25067
0.17435
0.14123
0.13905
0.14921
0.16615
0.18454
0.21048
0.25312
0.25295
0.19552
0.060789
1.0741
1.0391
0.96826
0.89291
0.83353
0.82843
0.89265
0.96239
0.99919
1.0154
1.0166
1.0069
0.99853
0.99442
0.99108
0.99149
1.0125
0.99311
0.90633
0.85655
0.81462
0.7813
0.76988
0.78751
0.83368
0.86325
0.83757
0.76968
0.71399
0.77865
1.1518
1.5664
1.7408
1.7243
1.6787
1.7581
1.6913
1.6868
1.7783
1.8886
2.301
1.4396
502.13
502.13
502.13
502.13
502.13
502.13
502.13
502.13
502.13
502.13
502.13
502.13
502.13
502.13
502.13
502.13
502.13
502.13
502.13
502.13
502.13
502.13
502.13
502.13
502.13
502.13
502.13
502.13
502.13
502.13
502.13
502.13
502.13
502.13
502.13
502.13
502.13
502.13
502.13
502.13
502.13
502.13
0.0011817
0.0012198
0.0012484
0.0013042
0.0014104
0.0015805
0.0017605
0.001882
0.0019525
0.0019639
0.0019213
0.0018515
0.0017715
0.0016682
0.0015298
0.0013717
0.0012179
0.0011059
0.0010513
0.0010013
0.00094443
0.00084631
0.00070069
0.00052009
0.000337
0.00018808
9.2087e-05
4.0815e-05
1.617e-05
5.8122e-06
2.2701e-06
1.2486e-06
1.0359e-06
1.2726e-06
1.2308e-06
9.2309e-07
9.3449e-07
1.0887e-06
1.1948e-06
1.5036e-06
1.6397e-06
1.197e-06
6.3585e-05
6.3585e-05
6.3585e-05
6.3585e-05
6.3585e-05
6.3585e-05
6.3585e-05
6.3585e-05
6.3585e-05
6.3585e-05
6.3585e-05
6.3585e-05
6.3585e-05
6.3585e-05
6.3585e-05
6.3585e-05
6.3585e-05
6.3585e-05
6.3585e-05
6.3585e-05
6.3585e-05
6.3585e-05
6.3585e-05
6.3585e-05
6.3585e-05
6.3585e-05
6.3585e-05
6.3585e-05
6.3585e-05
6.3585e-05
6.3585e-05
6.3585e-05
6.3585e-05
6.3585e-05
6.3585e-05
6.3585e-05
6.3585e-05
6.3585e-05
6.3585e-05
6.3585e-05
6.3585e-05
6.3585e-05
0.00018244
0.00018244
0.00018244
0.00018244
0.00018244
0.00018244
0.00018244
0.00018244
0.00018244
0.00018244
0.00018244
0.00018244
0.00018244
0.00018244
0.00018244
0.00018244
0.00018244
0.00018244
0.00018244
0.00018244
0.00018244
0.00018244
0.00018244
0.00018244
0.00018244
0.00018244
0.00018244
0.00018244
0.00018244
0.00018244
0.00018244
0.00018244
0.00018244
0.00018244
0.00018244
0.00018244
0.00018244
0.00018244
0.00018244
0.00018244
0.00018244
0.00018244
2.7113e-06
2.7113e-06
2.7113e-06
2.7113e-06
2.7113e-06
2.7113e-06
2.7113e-06
2.7113e-06
2.7113e-06
2.7113e-06
2.7113e-06
2.7113e-06
2.7113e-06
2.7113e-06
2.7113e-06
2.7113e-06
2.7113e-06
2.7113e-06
2.7113e-06
2.7113e-06
2.7113e-06
2.7113e-06
2.7113e-06
2.7113e-06
2.7113e-06
2.7113e-06
2.7113e-06
2.7113e-06
2.7113e-06
2.7113e-06
2.7113e-06
2.7113e-06
2.7113e-06
2.7113e-06
2.7113e-06
2.7113e-06
2.7113e-06
2.7113e-06
2.7113e-06
2.7113e-06
2.7113e-06
2.7113e-06
0.00027047
0.00027047
0.00027047
0.00027047
0.00027047
0.00027047
0.00027047
0.00027047
0.00027047
0.00027047
0.00027047
0.00027047
0.00027047
0.00027047
0.00027047
0.00027047
0.00027047
0.00027047
0.00027047
0.00027047
0.00027047
0.00027047
0.00027047
0.00027047
0.00027047
0.00027047
0.00027047
0.00027047
0.00027047
0.00027047
0.00027047
0.00027047
0.00027047
0.00027047
0.00027047
0.00027047
0.00027047
0.00027047
0.00027047
0.00027047
0.00027047
0.00027047
6.929e-05
6.929e-05
6.929e-05
6.929e-05
6.929e-05
6.929e-05
6.929e-05
6.929e-05
6.929e-05
6.929e-05
6.929e-05
6.929e-05
6.929e-05
6.929e-05
6.929e-05
6.929e-05
6.929e-05
6.929e-05
6.929e-05
6.929e-05
6.929e-05
6.929e-05
6.929e-05
6.929e-05
6.929e-05
6.929e-05
6.929e-05
6.929e-05
6.929e-05
6.929e-05
6.929e-05
6.929e-05
6.929e-05
6.929e-05
6.929e-05
6.929e-05
6.929e-05
6.929e-05
6.929e-05
6.929e-05
6.929e-05
6.929e-05
