0.055739086945419
0.060301961948635
0.059800996806671
0.056572692453720
0.050842695374559
0.043420218769428
0.035266769763117
0.025904717982385
0.016457713835379
0.008013526783907
0.000435481850800
-0.007619326801232
-0.014621688678046
-0.018592673221440
-0.019458769971194
-0.017374516395612
-0.012765859816108
-0.007248525569105
-0.000684314308678
0.005954942050462
0.011732054800253
0.011079270784978
0.003615599610382
-0.000850280329626
-0.000486260924277
0.001530494990910
0.004096158495250
0.008820823532582
0.012091238832241
0.004787407998518
-0.009132956877807
-0.021918802837045
-0.020469238145400
-0.002632908036859
0.017914587396440
0.020803188547202
0.014516508753019
0.009590613960152
0.011720248296128
0.011366935839246
-0.006205548177383
-0.033406895800936
-0.002213870842501
-0.017167899970277
-0.015706966986747
-0.012848971895111
-0.008103236839213
-0.000898675837416
0.009252950780631
0.021595986676263
0.034042816103150
0.045447922070166
0.058231445781444
0.073688862652259
0.084651751473333
0.077367123268966
0.050416780617610
0.024931509622493
0.018995981167744
0.026251811324127
0.029589333820340
0.020614525895153
0.006653963278026
-0.000078735197016
0.003347138218910
0.010359214476753
0.010411968633964
0.004272178375126
0.001554300393901
0.004617772698611
0.006595411876981
0.003281782734058
-0.000760996732380
-0.000199836801924
0.003785650397094
0.007375923220672
0.007741799588977
0.004649629020305
0.002568774617284
0.001311209597997
-0.004487927147665
-0.007145236248326
0.000099976314476
0.007246150076856
-0.016919729300526
0.046373279265884
0.039314252476638
0.028584379223220
0.011870332733475
-0.013238167759950
-0.045158396511967
-0.064336980915000
-0.052445080619054
-0.018239668665516
0.025545796816012
0.051766896821369
0.062888473219359
0.039952816425687
0.004500077682384
-0.012606994887275
-0.013467277111405
-0.013117700068498
-0.010829492901835
-0.005111916169752
0.007908840289956
0.019762852765602
0.022232981392752
0.028222491155353
0.041959658109495
0.039829160506262
0.022921615514729
0.010313821828880
0.007174255550684
-0.002256853152815
-0.010544970681702
-0.004710205046068
-0.008510464155997
-0.017203525429840
-0.015165258996456
-0.000468696247622
0.011349965381980
0.011090683409666
-0.006877431528056
-0.023807103131503
-0.015450536273557
0.000539308748337
0.004162620157919
0.002284695841198
0.002265722407966
0.002240357514163
0.002209072689324
0.002175814906338
0.002141733242575
0.002110164707864
0.002076077143160
0.002040425231703
0.002016812388154
0.001991483307626
0.001954483669560
0.001886576741537
0.001787692679413
0.001668888315696
0.001537546269919
0.001402169988714
0.001265463672233
0.001145839569801
0.001062604142912
0.000999888755319
0.000947346772548
0.000897112208345
0.000832378256931
0.000752970309730
0.000674170113637
0.000601624651612
0.000534933451413
0.000469823558204
0.000406194704887
0.000347486276888
0.000295415311498
0.000248940725259
0.000207213984543
0.000169163743970
0.000135072280496
0.000105751962658
0.000080412136240
0.000058100518797
0.000038773820765
0.000022368711296
0.000005233884194
-0.018928692070433
-0.016372725280251
-0.008074713773893
0.004999298618899
0.022756515849746
0.041732631127880
0.054907408757406
0.058324045736072
0.039314201314075
0.005105368289453
-0.014681130985414
-0.004420570725100
0.022284245815217
0.027220589728455
0.003548382162732
-0.016468875275687
-0.008403441397458
0.010033389267061
0.013314871917498
0.004352793131757
-0.003522335263717
-0.002742183169736
-0.001961893674795
-0.016135441628970
-0.044319789421080
-0.067730031016276
-0.066358198215872
-0.039438557932676
-0.011351216462403
0.005885774469701
0.001578029331697
-0.017147971703466
0.000000000000000
-0.017763242163689
-0.012967844797706
0.000000000000000
0.000000000000000
-0.001891189575031
-0.034904553629726
-0.023705009065160
-0.010729715240939
0.001447790772972
-0.000059636208757
-0.000115612816222
-0.000594169558283
-0.002383186738964
-0.007842994022058
-0.015289374496915
-0.006599572898917
0.027485571271526
0.002536955799172
-0.087807949848539
-0.178667006901598
-0.066294137734890
0.068963018300280
0.023380459303942
-0.109887672916090
-0.152652664439293
-0.112545929057263
-0.067837371846591
-0.002024339126466
-0.001128068732275
-0.000574849730826
-0.000113098892876
0.000055957406643
0.000001456023493
0.000003009152159
0.000000000000000
0.000000000000000
0.000000000000000
0.000000000000000
0.000000000000000
0.000000000000000
0.000000000000000
0.000000000000000
0.000000000000000
0.000000000000000
0.000000000000000
0.000000000000000
0.000000000000000
0.000000000000000
0.000000000000000
0.000000000000000
0.000000000000000
-0.105016684096954
-0.087697459316132
-0.066451635877886
-0.040529549092892
-0.009463515775614
0.026243593910245
0.064317676460434
0.099864992584298
0.122148112665647
0.111150798202453
0.048844015599573
-0.053339256693274
-0.149022903834869
-0.181435837583666
-0.148781041130869
-0.094885378460486
-0.052819848205481
-0.026317665164027
-0.002287774741310
-0.000888773065890
-0.000476481956446
-0.000117260787787
-0.000024179429559
-0.000004716586341
-0.000000479098159
-0.000000046687202
0.000000000000000
0.000000000000000
0.000000000000000
0.000000000000000
0.000000000000000
0.000000000000000
0.000000000000000
0.000000000000000
0.000000000000000
0.000000000000000
0.000000000000000
0.000000000000000
0.000000000000000
0.000000000000000
0.000000000000000
0.000000000000000
0.000000000000000
0.000000000000000
0.000000000000000
0.000000000000000
0.000000000000000
0.000000000000000
0.000000000000000
0.000000000000000
0.000000000000000
0.000000000000000
0.000000000000000
0.000000000000000
0.000000000000000
0.000000000000000
0.000000000000000
0.000000000000000
0.000000000000000
0.000000000000000
0.000000000000000
0.000000000000000
0.000000000000000
0.000000000000000
0.000000000000000
0.000000000000000
0.000000000000000
0.000000000000000
0.000000000000000
0.000000000000000
0.000000000000000
0.000000000000000
0.000000000000000
0.000000000000000
0.000000000000000
0.000000000000000
0.000000000000000
0.000000000000000
0.000000000000000
0.000000000000000
0.000000000000000
0.000000000000000
0.000000000000000
0.000000000000000
0.000000000000000
0.000000000000000
0.000000000000000
0.000000000000000
0.000000000000000
0.000000000000000
0.000000000000000
0.000000000000000
0.000000000000000
0.000000000000000
0.000000000000000
0.000000000000000
0.000000000000000
-0.000000000035603
-0.000000137564725
-0.000014832103625
-0.000910948836345
-0.012224199053242
-0.124041500126162
-0.111521748614454
-0.059421941039044
0.030779587766359
0.109698281058672
0.108564740327912
0.026396971110454
-0.039423241395800
-0.030156262861796
0.007871614116388
-0.003246594651673
-0.038401145121039
-0.025602384961697
-0.006927111789188
-0.000717062011828
-0.000052359418983
-0.000001763644696
-0.000000015801796
-0.000000000035214
-0.000000000001197
0.000000000000000
0.000000000000000
0.000000000000000
0.000000000000000
0.000000000000000
0.000000000000000
0.000000000000000
0.000000000000000
0.000000000000000
0.000000000000000
0.000000000000000
0.000000000000000
0.000000000000000
0.000000000000000
0.000000000000000
0.000000000000000
0.000000000000000
0.000000000000000
0.000000000000000
0.000000000000000
0.000000000000000
0.000000000000000
0.000000000000000
0.000000000000000
0.000000000000000
0.000000000000000
0.000000000000000
0.000000000000000
0.000000000000000
0.000000000000000
0.000000000000000
0.000000000000000
0.000000000000000
0.000000000000000
0.000000000000000
0.000000000000000
0.000000000000000
0.000000000000000
0.000000000000000
0.000000000000000
0.000000000000000
0.000000000000000
0.000000000000000
0.000000000000000
0.000000000000000
0.000000000000000
