-0.024014180599411
-0.025933990413527
-0.025593933048636
-0.022563530162447
-0.017463931712050
-0.013176555686110
-0.012155783370602
-0.012177231688750
-0.009933803360529
-0.004994113849738
0.002445217571896
0.011468387148035
0.020768355558319
0.028701094774505
0.033294901013823
0.031621379186579
0.022524206691344
0.008074628213656
-0.008073067502993
-0.019582054040573
-0.023710106713207
-0.020910849980476
-0.014343254476143
-0.009449708652130
-0.006514690716588
-0.002433578879912
-0.001870457112333
-0.004020122892724
-0.007710047360026
-0.018575394365252
-0.032673615599215
-0.011007630032190
-0.005562121984626
0.003001413988769
0.019025955874198
0.016581510780548
0.003651346865298
-0.007332530677084
-0.017289762213868
-0.020827587711412
-0.018935234696576
-0.001978827904162
0.003789572075983
0.000150290350581
-0.000508603884852
-0.001786774736323
-0.003627838545580
-0.005901806724290
-0.008489558725587
-0.010871468841018
-0.012224680854411
-0.011848994377115
-0.009996139962486
-0.007261989504582
-0.004776249382012
-0.004282204819741
-0.007777887431272
-0.016492855146085
-0.029048014278259
-0.040484658325352
-0.043930246914476
-0.034527622975422
-0.016385642194383
-0.001228657574705
0.001461044932326
-0.006969338264892
-0.017801761335973
-0.023363761586638
-0.020076131397083
-0.009663929994096
0.001193956218004
0.005178358123754
0.000388820440111
-0.006910287247132
-0.008222706803308
-0.006484589431863
-0.014128800766814
-0.022430491079816
-0.012771700349139
-0.003972211776973
-0.019425652159372
-0.031665747728754
-0.012007794334998
0.021555104543231
-0.003529400901321
-0.039829267598336
-0.041849253037873
-0.042136623286177
-0.036019166493322
-0.019786676745817
0.003198028564570
0.017238797983966
0.010989660317741
-0.004141504646438
-0.020966049781921
-0.032216825522064
-0.035036352306802
-0.029597799752127
-0.021140564854449
-0.015156391987044
-0.014791467035000
-0.027287524382543
-0.043881435630893
-0.013793901148497
0.022331204262777
0.022282100632084
-0.000118282578552
-0.022019760324596
-0.031973644537826
-0.034560293671611
-0.037457502199397
-0.042737512553396
-0.047417081237725
-0.049377421493840
-0.025808000020331
0.019998812319532
0.030078474911338
0.018959338575365
0.006955158531778
-0.010889299448409
0.014622316863115
0.047446520223332
0.039666582650780
0.008247840708888
-0.001749971311504
0.000861621510619
-0.003130332536424
-0.000958702026691
-0.001018013461661
-0.001089156740179
-0.001173361963319
-0.001261829273788
-0.001341540037877
-0.001399032186740
-0.001433024908848
-0.001474832683381
-0.001528401819234
-0.001550017698388
-0.001506876392883
-0.001397361979203
-0.001202863444639
-0.000974430707157
-0.000796782032681
-0.000738041062646
-0.000809909599545
-0.000899595895752
-0.000885563999687
-0.000768476686095
-0.000552463503284
-0.000302422320680
-0.000102669432082
0.000040880018977
0.000140549255234
0.000203417568570
0.000245660371536
0.000279371641440
0.000305307978335
0.000308953461849
0.000277359508124
0.000230789569550
0.000190731253741
0.000156075039880
0.000124612261923
0.000098072326743
0.000075763240008
0.000056024030796
0.000039363076102
0.000026515683885
0.000009715040322
0.018474091307503
0.021039555232820
0.016957950848158
0.006228599872002
-0.010287613413499
-0.024375912381289
-0.023577524963087
-0.005019646808113
0.017754364067274
0.033151031233563
0.034362657978975
0.020362170699754
-0.004985926226785
-0.029639448696432
-0.038012973748104
-0.014454868044019
0.048462379499925
0.125994105356346
0.162968409088154
0.164284668706852
0.139024366231497
0.102421791035811
0.066402723373460
0.038494916258912
0.023407513679321
0.014752605101322
0.007701285070065
0.003979649928432
0.003251884848181
0.004656133600989
0.004123121566912
-0.020191504384044
-0.029658853237197
0.006582471114968
0.020378887136362
0.000000000000000
0.000000000000000
0.000000000000000
-0.017504475948001
-0.009190648771433
-0.008995628341333
0.000000000000000
0.000016512213374
0.000030747691122
0.000433228944623
0.002581959451277
0.011384643440800
0.029168138542402
0.044999159682028
-0.000791019400747
-0.000740147280859
0.000220737933213
0.000236503381003
0.000213351693958
-0.000016709678115
-0.000319665686542
-0.000501484377372
-0.000761900940184
-0.002993167653929
0.080621851504842
0.033650763661010
0.044379461792114
0.048264065875544
0.027712763745062
0.005517664171231
0.000005141727650
-0.000064227244992
0.000000000000000
0.000000000000000
0.000000000000000
0.000000000000000
0.000000000000000
0.000000000000000
0.000000000000000
0.000000000000000
0.000000000000000
0.000000000000000
0.000000000000000
0.000000000000000
0.000000000000000
0.000000000000000
0.000000000000000
0.000000000000000
0.000000000000000
-0.028815255024386
-0.029439461144252
-0.030216899757566
-0.031132834899045
-0.032141356431791
-0.033122479690839
-0.033960448301268
-0.034632333618478
-0.035218027586793
-0.035768379302969
-0.036131677406647
-0.035759343612460
-0.033573791532751
-0.028319534137799
-0.018898575683195
-0.004188074928810
0.017037121029122
0.035780513109274
0.000963139436238
-0.000007612396439
-0.000318557729413
-0.000414162229199
-0.000193812304517
-0.000028849153362
-0.000001432692169
-0.000000098171196
0.000000000000000
0.000000000000000
0.000000000000000
0.000000000000000
0.000000000000000
0.000000000000000
0.000000000000000
0.000000000000000
0.000000000000000
0.000000000000000
0.000000000000000
0.000000000000000
0.000000000000000
0.000000000000000
0.000000000000000
0.000000000000000
0.000000000000000
0.000000000000000
0.000000000000000
0.000000000000000
0.000000000000000
0.000000000000000
0.000000000000000
0.000000000000000
0.000000000000000
0.000000000000000
0.000000000000000
0.000000000000000
0.000000000000000
0.000000000000000
0.000000000000000
0.000000000000000
0.000000000000000
0.000000000000000
0.000000000000000
0.000000000000000
0.000000000000000
0.000000000000000
0.000000000000000
0.000000000000000
0.000000000000000
0.000000000000000
0.000000000000000
0.000000000000000
0.000000000000000
0.000000000000000
0.000000000000000
0.000000000000000
0.000000000000000
0.000000000000000
0.000000000000000
0.000000000000000
0.000000000000000
0.000000000000000
0.000000000000000
0.000000000000000
0.000000000000000
0.000000000000000
0.000000000000000
0.000000000000000
0.000000000000000
0.000000000000000
0.000000000000000
0.000000000000000
0.000000000000000
0.000000000000000
0.000000000000000
0.000000000000000
0.000000000000000
0.000000000000000
0.000000000000000
-0.000000008925449
-0.000001381095741
-0.000114032167703
-0.001135977873445
-0.004026903588998
0.008847282921968
0.011036355803944
0.002858939625478
-0.005821304070314
-0.005789225715681
0.005097821025309
0.020835830195619
0.034614410746383
0.041788469706318
0.039049415653283
0.025971957711662
0.008169274751803
0.000062797148176
0.002935417471607
0.001528595845840
0.000162005976953
0.000001905658524
0.000000012690478
0.000000000018675
0.000000000003229
0.000000000000097
0.000000000000000
0.000000000000000
0.000000000000000
0.000000000000000
0.000000000000000
0.000000000000000
0.000000000000000
0.000000000000000
0.000000000000000
0.000000000000000
0.000000000000000
0.000000000000000
0.000000000000000
0.000000000000000
-0.000000000517422
0.000000102928637
0.000001372735055
-0.000009715687741
-0.000114297364844
0.000093725387302
0.005325154418052
0.073548790177906
0.006061514822783
-0.047052858053736
-0.060641008535580
-0.035356006649086
0.000663869271306
0.021208872229975
0.021513668319556
0.010764423839643
-0.000687822491474
-0.006355536231235
-0.006226285125076
-0.003175271233250
-0.000515663776458
0.000044689869176
0.000018086918921
0.000001458944445
0.000000002898598
0.000000000000000
0.000000000000000
0.000000000000000
0.000000000000000
0.000000000000000
0.000000000000000
