0.024587489082996
0.026307026407710
0.026067319275786
0.025035090047378
0.023855261291541
0.022816521960027
0.021371941173505
0.017815562257617
0.012374729816352
0.006465380927314
0.000851490208045
-0.003838850323090
-0.006746928439856
-0.007329014610789
-0.005615158664278
-0.002817615328314
-0.000637428828216
0.002029250291987
0.004652546778379
0.004736109859328
0.002734469632866
0.000807543351413
-0.000467035698300
-0.000365123576839
0.000818785879067
0.002986245141234
0.007278821608493
0.010054255258137
0.006011947946589
-0.001338308166161
-0.001711118069382
-0.001094506022737
0.000370523331108
0.003551226582531
0.002466056346986
-0.002061740369765
-0.001152136414424
0.000655421738067
0.001464098921185
0.003435707848462
0.004939282483029
-0.005963208871248
0.001220418666915
0.001434541509277
0.001101009702920
0.000431890127941
-0.000483337188561
-0.001459881914322
-0.002043326731091
-0.001784959008210
-0.000612777175462
0.000855109136100
0.001951120813129
0.002432887605171
0.002460769052759
0.002373353852259
0.002410923442356
0.002383437864931
0.001287512022992
-0.002503979184242
-0.009720753689604
-0.016779047134582
-0.015772025801254
-0.003977896198175
0.009655025448124
0.013551541731175
0.005858360311662
-0.005426895615462
-0.009760235721150
-0.003701760934308
0.007788553064369
0.017280404563191
0.016324007839946
-0.000545134357686
-0.014997807589316
-0.007566540358262
0.006054345648403
0.004815346572885
-0.003681031818471
-0.005799107425204
-0.001335258043297
0.002481485040009
0.003720713115885
0.003883043039312
0.005101003527109
0.003257937311637
0.001273073663742
-0.003363521323987
-0.009658223484092
-0.015607293330844
-0.017240333857239
-0.010644402901214
0.000186699751722
0.005067409763110
0.001138959583711
-0.006724757452309
-0.012094460653576
-0.011687813185660
-0.007742995479136
-0.004857310291942
-0.006342580734307
-0.014157913172208
-0.022494606604015
-0.025699474638059
-0.018721179709100
-0.006293355692079
0.007117634596209
0.016051423276803
0.015947056422704
0.004218347329756
-0.008566839606014
-0.011989292951203
-0.004381001743553
0.011273683353052
0.029016563461550
0.019921695309085
0.006954627322417
0.008915430872138
0.001702564516811
-0.002689632280402
0.006072149644205
0.010428589383478
0.003324756790731
-0.002407236613185
0.001267167928367
0.008367220519953
0.010540550850206
-0.002127333411873
-0.002076770274314
-0.002021104885584
-0.001950409745628
-0.001870534627552
-0.001790451139381
-0.001710129483374
-0.001602412155008
-0.001435695714651
-0.001210297195569
-0.000940598131126
-0.000637169650191
-0.000327918619237
-0.000066249460626
0.000135257001333
0.000263110108178
0.000331227571653
0.000355062187115
0.000357133476541
0.000340642612652
0.000303371082159
0.000268933030058
0.000252523201642
0.000260394798356
0.000280318218203
0.000297321628551
0.000317555918076
0.000341723974325
0.000365693313848
0.000380952612341
0.000376746100104
0.000349644817611
0.000303906090443
0.000251883814770
0.000204160548868
0.000162851137186
0.000126644258586
0.000095723573997
0.000069535925852
0.000046400531253
0.000025628513825
0.000009274831612
-0.034137943795791
-0.034649380621237
-0.032492615786794
-0.029533998753024
-0.028399080169556
-0.033539080168964
-0.049862934575885
-0.072560340750708
-0.087270261708660
-0.088774962370552
-0.082923684057602
-0.077500863292246
-0.077564853192999
-0.081477399530647
-0.084173032483017
-0.080051577991972
-0.062710642399039
-0.035398890354554
-0.013167088851927
-0.000002576468572
0.004432170409643
-0.000209975007515
-0.010099124947710
-0.026010649701177
-0.042963667250478
-0.051677056190117
-0.046175368162195
-0.032748452626479
-0.020743781428656
-0.014638542921914
-0.020846225942935
-0.020620600238520
0.008766724669201
0.020974451653372
0.011843115871779
0.000000000000000
0.000000000000000
0.000000000000000
0.005431187276834
0.005084875799143
0.006112335935575
0.000000000000000
0.000010167364325
0.000017353030120
-0.000087989541024
-0.000598174693342
-0.000582253192044
-0.001483746942874
-0.005738920631896
-0.004955589269507
-0.002059220403396
-0.000744833445265
-0.000416696863322
-0.000287053110060
-0.000277267340885
-0.000399852356328
-0.000571671838290
-0.000915095006297
-0.005017569143855
-0.002982360877069
-0.002773617568767
-0.002640998772349
-0.001453415959837
0.011072012575971
-0.000830297236122
-0.000651102058334
-0.000024765907552
0.000000000000000
0.000000000000000
0.000000000000000
0.000000000000000
0.000000000000000
0.000000000000000
0.000000000000000
0.000000000000000
0.000000000000000
0.000000000000000
0.000000000000000
0.000000000000000
0.000000000000000
0.000000000000000
0.000000000000000
0.000000000000000
0.000000000000000
-0.014252612304089
-0.014573719523835
-0.015016740805097
-0.015584006259058
-0.016252258576036
-0.016957534843140
-0.017589969949568
-0.017999317777559
-0.018042471704825
-0.017635071059338
-0.016694132170551
-0.015049633395332
-0.012326611492162
-0.007904723016448
-0.001268190498167
0.007407185629704
0.013665251819397
0.005826743273532
-0.001472417843735
-0.000387836735716
-0.000231999699994
-0.000214645556909
-0.000094799605921
-0.000007638432106
-0.000000098861290
-0.000000049433574
0.000000000000000
0.000000000000000
0.000000000000000
0.000000000000000
0.000000000000000
0.000000000000000
0.000000000000000
0.000000000000000
0.000000000000000
0.000000000000000
0.000000000000000
0.000000000000000
0.000000000000000
0.000000000000000
0.000000000000000
0.000000000000000
0.000000000000000
0.000000000000000
0.000000000000000
0.000000000000000
0.000000000000000
0.000000000000000
0.000000000000000
0.000000000000000
0.000000000000000
0.000000000000000
0.000000000000000
0.000000000000000
0.000000000000000
0.000000000000000
0.000000000000000
0.000000000000000
0.000000000000000
0.000000000000000
0.000000000000000
0.000000000000000
0.000000000000000
0.000000000000000
0.000000000000000
0.000000000000000
0.000000000000000
0.000000000000000
0.000000000000000
0.000000000000000
0.000000000000000
0.000000000000000
0.000000000000000
0.000000000000000
0.000000000000000
0.000000000000000
0.000000000000000
0.000000000000000
0.000000000000000
0.000000000000000
0.000000000000000
0.000000000000000
0.000000000000000
0.000000000000000
0.000000000000000
0.000000000000000
0.000000000000000
0.000000000000000
0.000000000000000
0.000000000000000
0.000000000000000
0.000000000000000
0.000000000000000
0.000000000000000
0.000000000000000
0.000000000000000
0.000000000000000
0.000000003272341
0.000000785445772
0.000045165927591
0.000698460811956
0.006972681695653
0.035838100246431
0.060124530474982
0.081911488223717
0.092594997486927
0.082102151675022
0.045751598371795
-0.006730994949126
-0.053267344788360
-0.076140917427630
-0.075353382950917
-0.061957399050112
-0.043816906346703
-0.021062946424712
-0.002616267474261
0.000413549683070
0.000071056148983
0.000001224383829
0.000000002864809
0.000000000040434
0.000000000001577
0.000000000000056
0.000000000000000
0.000000000000000
0.000000000000000
0.000000000000000
0.000000000000000
0.000000000000000
0.000000000000000
0.000000000000000
0.000000000000000
0.000000000000000
0.000000000000000
0.000000000000000
0.000000000000000
0.000000000000000
-0.000000000158494
0.000000240700990
0.000004087413874
0.000014908727214
0.000122375492976
0.000732744882238
0.006501969416436
0.003253281061008
0.006306527467361
0.007727930648796
0.009741425475784
0.011407377876061
0.008263331447295
0.002233917053194
0.000103636787455
0.001937844914176
0.001516447347344
-0.002892598233663
-0.006087943582618
-0.003794180888596
-0.000442810743459
0.000098429386123
0.000022196074593
0.000001030066337
0.000000003761924
0.000000000000000
0.000000000000000
0.000000000000000
0.000000000000000
0.000000000000000
0.000000000000000
