-0.023444552423822
-0.024707620263857
-0.024512619098301
-0.023485335247254
-0.021728416274472
-0.019052253588501
-0.015294093432980
-0.010585431033739
-0.005598116427636
-0.001037353116497
0.002727145228342
0.005356485762356
0.006561595112290
0.006155810183184
0.004198605103518
0.001342116966344
-0.001425905783419
-0.003462966061470
-0.003972105858278
-0.003215773372150
-0.002078838557385
-0.000806796430221
0.000340209693771
0.001076646107819
0.000281595486490
-0.001863301946992
-0.003791236192931
-0.003368276262600
-0.000745499251219
0.002406964592216
0.003066763309864
0.001845959938374
0.001296773527998
-0.001696143547889
-0.001198153894780
-0.001000203506305
-0.001095826498861
0.000406217377239
0.000796205129858
-0.001141948967373
-0.002712644524599
-0.001269802626602
-0.002426059406814
-0.000428380909442
-0.000287656896079
-0.000059882300358
0.000217976382004
0.000548998482040
0.000927918856289
0.001273166058619
0.001402711710226
0.001163831027880
0.000574877044050
-0.000229764973287
-0.001051823250854
-0.001623835456231
-0.001627000350998
-0.000859552437235
0.000387808510534
0.001189189107861
0.000755896881382
-0.000412170816796
-0.000965378887280
-0.000400143829303
0.000506093232717
0.000463285389781
-0.000631023049078
-0.001544231027495
-0.001454290113099
-0.000528228124763
0.000549543357191
0.001228035163486
0.001093421133213
-0.000193588243569
-0.001660265554113
-0.001652793599797
-0.000448416271526
-0.000315070747369
-0.001303245912328
-0.001143458505189
0.000132466191927
0.000388459123032
-0.000267793523488
-0.000710542863013
-0.000292187322858
-0.002019694230155
-0.001242560481668
-0.000404381862657
0.000683501435955
0.001911713391435
0.002931165104411
0.003011904474692
0.001831203717748
-0.000120437660433
-0.001900693809621
-0.003189450870052
-0.003483584668592
-0.002706528576600
-0.001364211674091
0.000205067146993
0.001980601410359
0.004278713999744
0.002319415130380
-0.004104146870359
-0.003640440050973
-0.000856725427910
0.001875043757394
0.002285725662381
-0.000002413444769
-0.001825219992945
-0.002443561656099
-0.002837744610202
-0.003373807221120
-0.003627856232798
-0.001875223330202
-0.000276298759842
-0.001043150383819
-0.003642572542394
-0.004547989943615
-0.003843297713297
-0.002721255586181
-0.001509007073156
-0.001108666326107
-0.001830772032338
-0.001571078184629
0.000571902449691
0.000004557531829
-0.000315044802741
-0.000316674554613
-0.000318248424307
-0.000321107569284
-0.000324834608797
-0.000326979069894
-0.000324115782575
-0.000306477612116
-0.000269971562175
-0.000223460041697
-0.000179438522815
-0.000142126530394
-0.000112825301375
-0.000096744341920
-0.000093690800845
-0.000100155851507
-0.000113515089926
-0.000130074136462
-0.000133094912551
-0.000112921312525
-0.000078840035791
-0.000045608461766
-0.000018473733512
0.000003721990650
0.000020159447324
0.000030162030014
0.000033639772938
0.000032469712881
0.000028350228234
0.000022794026343
0.000016872910320
0.000012373474458
0.000010554114797
0.000009967311343
0.000008800634133
0.000007266562067
0.000005980341921
0.000004928032870
0.000003906204089
0.000003163318038
0.000002859286904
0.000002535408088
-0.004129035472062
-0.002181332727980
-0.001459966937244
-0.001819139229735
-0.003043382199159
-0.004776488873517
-0.006336128783366
-0.007356168636731
-0.007707965963871
-0.007626878256952
-0.007274974957579
-0.006910848062082
-0.006634447937115
-0.006377856219312
-0.006043310390670
-0.005130575554785
-0.003358220371902
-0.000432378798827
0.001235878165535
0.002142046257866
0.001568806655123
0.000187726578490
0.000300749755176
0.002116432286950
0.003701298531795
0.003722464216958
0.002064095180914
-0.000243554439991
-0.002291159896424
-0.003520515681938
-0.003283478096552
-0.000701550043064
0.000089551769790
-0.000606995066695
-0.000810135257246
0.000000000000000
0.000000000000000
0.000000000000000
-0.001557858397567
-0.000140417409288
0.002290219780191
0.000000000000000
0.000003315389460
0.000014419292795
0.000027355010147
-0.000064387013123
-0.000598826048245
-0.002275625363046
-0.004251673057661
-0.001081182143152
-0.000214254964976
-0.000030612279662
-0.000023821425830
-0.000012747215002
-0.000005830040895
-0.000018185306458
-0.000014355878883
-0.000035953641995
-0.002395220094471
-0.009903162775148
-0.012524317728752
-0.013748527055260
-0.014145855452928
-0.015982357394978
-0.001854814799240
-0.000026171248744
-0.000009197861222
0.000000000000000
0.000000000000000
0.000000000000000
0.000000000000000
0.000000000000000
0.000000000000000
0.000000000000000
0.000000000000000
0.000000000000000
0.000000000000000
0.000000000000000
0.000000000000000
0.000000000000000
0.000000000000000
0.000000000000000
0.000000000000000
0.000000000000000
-0.012542494368613
-0.013004790145996
-0.013569820873656
-0.014258162503781
-0.015103513573389
-0.016146033577148
-0.017437682332333
-0.019055779524468
-0.021091153459355
-0.023627429406838
-0.026747259700346
-0.030472346320451
-0.034775257224180
-0.039529292280732
-0.044378297257363
-0.048196921010003
-0.046697848307754
-0.029582860800644
-0.001010753899635
-0.000288454019333
-0.000114590557742
-0.000065041407041
-0.000030305746241
-0.000005270691160
0.000000032686698
0.000000004986196
0.000000000000000
0.000000000000000
0.000000000000000
0.000000000000000
0.000000000000000
0.000000000000000
0.000000000000000
0.000000000000000
0.000000000000000
0.000000000000000
0.000000000000000
0.000000000000000
0.000000000000000
0.000000000000000
0.000000000000000
0.000000000000000
0.000000000000000
0.000000000000000
0.000000000000000
0.000000000000000
0.000000000000000
0.000000000000000
0.000000000000000
0.000000000000000
0.000000000000000
0.000000000000000
0.000000000000000
0.000000000000000
0.000000000000000
0.000000000000000
0.000000000000000
0.000000000000000
0.000000000000000
0.000000000000000
0.000000000000000
0.000000000000000
0.000000000000000
0.000000000000000
0.000000000000000
0.000000000000000
0.000000000000000
0.000000000000000
0.000000000000000
0.000000000000000
0.000000000000000
0.000000000000000
0.000000000000000
0.000000000000000
0.000000000000000
0.000000000000000
0.000000000000000
0.000000000000000
0.000000000000000
0.000000000000000
0.000000000000000
0.000000000000000
0.000000000000000
0.000000000000000
0.000000000000000
0.000000000000000
0.000000000000000
0.000000000000000
0.000000000000000
0.000000000000000
0.000000000000000
0.000000000000000
0.000000000000000
0.000000000000000
0.000000000000000
0.000000000000000
0.000000000000000
-0.000000002337428
-0.000000269556159
-0.000030252789644
-0.000514004907595
-0.003268776285166
-0.022821049116276
-0.021330985782297
-0.017872648485108
-0.015448035098700
-0.014764625413215
-0.015702668668638
-0.016650420021332
-0.016308225440220
-0.014373242337274
-0.011193196083682
-0.007608092336436
-0.004145743582377
-0.001558780692188
-0.000301717680699
0.000035594127877
-0.000001562539412
-0.000000483713170
-0.000000003056187
0.000000000006718
-0.000000000000199
-0.000000000000002
0.000000000000000
0.000000000000000
0.000000000000000
0.000000000000000
0.000000000000000
0.000000000000000
0.000000000000000
0.000000000000000
0.000000000000000
0.000000000000000
0.000000000000000
0.000000000000000
0.000000000000000
0.000000000000000
-0.000000000062660
0.000000024328775
0.000000513967965
0.000004242281616
0.000044174291427
0.000244217242497
0.001896086953002
-0.002407616920518
0.001082555348756
-0.000320556594996
-0.003520583521246
-0.004096027468243
-0.001711076572272
0.001121229720697
0.002048502825269
0.000510297948585
-0.002369507354091
-0.004505155709122
-0.004231530548186
-0.002001775116782
-0.000348755383661
-0.000020263537359
-0.000003430243083
-0.000000352782161
-0.000000000661469
0.000000000000000
0.000000000000000
0.000000000000000
0.000000000000000
0.000000000000000
0.000000000000000
