-0.011698861165216
-0.012410018982724
-0.013127071534887
-0.013775534542783
-0.014035481451481
-0.013631806761568
-0.011960882189664
-0.008568636220491
-0.003811125034450
0.000764380075877
0.004279083918422
0.006209551567715
0.006175578713148
0.005293484597137
0.003442485963935
0.000667531347520
-0.001662668388182
-0.003264857489653
-0.004720216069568
-0.005349232067570
-0.002605244899672
0.000983232499555
0.002416362206932
0.004434473386901
0.001955075067232
-0.001813235800780
-0.000306522337986
0.001838183996834
0.004286299407414
0.006256831189352
0.002482382019625
-0.007778334302197
-0.004600038880341
-0.000253261432995
-0.000440222132176
0.000988932531487
0.006635050969899
0.010013221727284
0.006970568305636
-0.001953664660751
-0.004636183045166
0.005826764525643
-0.005582463718897
0.003413208929145
0.002969568690708
0.002147549608379
0.000970283792967
-0.000451002176089
-0.001702494898194
-0.002183287309720
-0.001639421306642
-0.000574328612285
0.000365649820139
0.000895663690273
0.000956850028152
0.000668030176673
0.000333110591905
0.000190350714655
0.000324368988599
0.000303502107619
-0.001115920503381
-0.003612159214235
-0.003160119093050
0.003579879563446
0.011015372826482
0.009974339796612
0.002405994527264
-0.003228223565202
-0.004506399017668
-0.002609165934502
0.001478371933827
0.002765564607581
-0.002589170652010
-0.006976517713136
-0.003846392629577
0.000590877996603
0.001157235686136
0.000468596614150
0.001284843900702
0.001615239598396
-0.000852063889926
-0.002209758145732
0.000509616438403
0.003643331806423
-0.001283757967316
0.000491782219818
-0.000171540633520
-0.001724213800935
-0.003730779857619
-0.005822782096095
-0.006666470287528
-0.004137723733693
-0.002602050158391
-0.005670960802865
-0.011540586504941
-0.017577055784611
-0.021252625012483
-0.020934738061092
-0.017409725416582
-0.012103415232210
-0.007325739562865
-0.004495286120612
-0.005236036109202
-0.010512304900847
-0.012270640914820
-0.001300725696401
0.021587202410134
0.045463803123014
0.046746464086829
0.024197915644626
0.004850971329757
-0.002141853666046
-0.000564199061648
0.000606399234072
-0.011598845040681
-0.005793706225393
0.008507366641282
0.005249993304818
-0.001642528137657
0.002977552680494
0.012499629270184
0.016366373736014
0.010044151713392
-0.000152400254744
-0.000941666654276
0.004654962972866
0.004164006660850
0.000783575029577
0.000726804520262
0.000661343990893
0.000588301211429
0.000512596079838
0.000444814023211
0.000399784667951
0.000386360361004
0.000392903254922
0.000383851509598
0.000346701382408
0.000281590866884
0.000196508559433
0.000122801731274
0.000073548148748
0.000048579865513
0.000043881318088
0.000043311573050
0.000032892770030
0.000015333008482
0.000003974513092
0.000007103095265
0.000028318742115
0.000059654523117
0.000086185486562
0.000100578442562
0.000101807129110
0.000096933038785
0.000091078041720
0.000083734065148
0.000071921532627
0.000055446547435
0.000040699593988
0.000031658432262
0.000026512332787
0.000022866166936
0.000019610630307
0.000016296836584
0.000012919478396
0.000010261498047
0.000007415122470
0.000000832073893
-0.009918169868734
-0.008488265868193
-0.006775084858536
-0.005745031016540
-0.005152780874519
-0.006999382597384
-0.012542537857988
-0.015844024761096
-0.012375257467738
-0.004795811178146
0.002941500636945
0.008559348693530
0.011327547972914
0.013216662842600
0.018275431802836
0.028987306571916
0.038641511939182
0.039222970833935
0.032845399243496
0.020506610253823
-0.001334395757765
-0.032885601698670
-0.069349847866313
-0.097084809466788
-0.102780673143467
-0.087793718985883
-0.057301544482414
-0.018138428256562
0.005512023215162
0.002350106926115
-0.008078381300578
-0.003006350161484
0.000000000000000
-0.004429368809680
0.012209019027097
0.000000000000000
0.000000000000000
-0.011819602800149
-0.001885363163205
0.011064956146506
0.012790853199574
0.000000000000000
0.000129606175510
-0.000496438707937
-0.002167794857495
-0.000315093595256
0.000008192180781
-0.000910513065720
-0.000117168995650
0.004311649278609
-0.000070931504733
0.000049842865091
0.000052140538813
0.000031631414335
0.000088445474069
0.000050591405210
0.000113798080952
0.000072722799784
0.000264780889699
0.000197535160139
0.000112585503947
0.000553906206447
0.000550711762594
0.000280129316321
-0.000536423913035
-0.000955117767097
-0.000127470239889
0.000000000000000
0.000000000000000
0.000000000000000
0.000000000000000
0.000000000000000
0.000000000000000
0.000000000000000
0.000000000000000
0.000000000000000
0.000000000000000
0.000000000000000
0.000000000000000
0.000000000000000
0.000000000000000
0.000000000000000
0.000000000000000
0.000000000000000
0.000514417691367
0.000743416329023
0.000902428753880
0.001021281815108
0.001139170486755
0.001272941385192
0.001499997566511
0.001916768781624
0.002450159906095
0.002908120479939
0.003108556226234
0.003277668005698
0.004936709888657
0.008328634120492
0.013504711512044
0.021372609246931
0.029711515493092
0.019834164249864
-0.000335154034264
-0.000067618951355
-0.000025594674486
-0.000043242407859
-0.000017117122922
-0.000010978993886
-0.000000296103932
0.000000013339708
0.000000000000000
0.000000000000000
0.000000000000000
0.000000000000000
0.000000000000000
0.000000000000000
0.000000000000000
0.000000000000000
0.000000000000000
0.000000000000000
0.000000000000000
0.000000000000000
0.000000000000000
0.000000000000000
0.000000000000000
0.000000000000000
0.000000000000000
0.000000000000000
0.000000000000000
0.000000000000000
0.000000000000000
0.000000000000000
0.000000000000000
0.000000000000000
0.000000000000000
0.000000000000000
0.000000000000000
0.000000000000000
0.000000000000000
0.000000000000000
0.000000000000000
0.000000000000000
0.000000000000000
0.000000000000000
0.000000000000000
0.000000000000000
0.000000000000000
0.000000000000000
0.000000000000000
0.000000000000000
0.000000000000000
0.000000000000000
0.000000000000000
0.000000000000000
0.000000000000000
0.000000000000000
0.000000000000000
0.000000000000000
0.000000000000000
0.000000000000000
0.000000000000000
0.000000000000000
0.000000000000000
0.000000000000000
0.000000000000000
0.000000000000000
0.000000000000000
0.000000000000000
0.000000000000000
0.000000000000000
0.000000000000000
0.000000000000000
0.000000000000000
0.000000000000000
0.000000000000000
0.000000000000000
0.000000000000000
0.000000000000000
0.000000000000000
0.000000000000000
0.000000000000000
-0.000000000124179
0.000000017698178
0.000002534645005
0.000147345871959
0.003713351149665
0.033993837847026
0.084696760764005
0.145059788596759
0.174584548810822
0.132689338616841
0.038893173213759
-0.029962723819923
-0.050616200260050
-0.070249691741111
-0.086416792890949
-0.062036284311343
-0.018130376008144
-0.002440571699098
-0.000994733123196
-0.000387384176366
-0.000050425060952
-0.000000455841057
0.000000003008290
0.000000000006424
-0.000000000000028
0.000000000000000
0.000000000000000
0.000000000000000
0.000000000000000
0.000000000000000
0.000000000000000
0.000000000000000
0.000000000000000
0.000000000000000
0.000000000000000
0.000000000000000
0.000000000000000
0.000000000000000
0.000000000000000
0.000000000000000
0.000000000000000
0.000000000000000
0.000000000000000
0.000000000000000
0.000000000000000
0.000000000000000
0.000000000000000
0.000000000000000
0.000000000000000
0.000000000000000
0.000000000000000
0.000000000000000
0.000000000000000
0.000000000000000
0.000000000000000
0.000000000000000
0.000000000000000
0.000000000000000
0.000000000000000
0.000000000000000
0.000000000000000
0.000000000000000
0.000000000000000
0.000000000000000
0.000000000000000
0.000000000000000
0.000000000000000
0.000000000000000
0.000000000000000
0.000000000000000
0.000000000000000
