-0.001649655019445
-0.001461880093497
-0.002006094282698
-0.003008411999963
-0.004130687524419
-0.005128026431712
-0.005632839129250
-0.006918497119487
-0.007581997952283
-0.005878986195446
-0.002705424642492
-0.000395071289044
-0.000160067836581
-0.000348741396447
0.001175506111257
0.004799516552515
0.009558787116780
0.011440113413822
0.008048469643733
0.000989828330731
-0.006676907828761
-0.011174452969172
-0.011454413177658
-0.006129451993874
0.005642443272766
0.012263485087747
0.008551572348015
-0.002355084923267
-0.009848431167863
-0.005878755317430
0.006877515717425
0.006077240447382
-0.012875120252901
-0.016589101237132
-0.006112264102219
0.000620528292056
0.001274978041968
0.000497458787844
0.002008338388638
0.006703029424929
0.006759781375408
0.002095471616666
0.005110811843928
-0.001496856733150
-0.002007090656050
-0.002326520963885
-0.002380682033933
-0.002108803589989
-0.001221231524568
0.000482522057082
0.002372201095064
0.003133081777253
0.002113919303547
0.000140305777512
-0.001390312739782
-0.001619406129895
-0.000572672601083
0.000825387709683
0.001467937571753
0.000826972371118
-0.001087741317039
-0.003137132724900
-0.002396245828474
0.002304997377376
0.006174625490850
0.004852768523392
0.001003828083422
-0.001377154214592
-0.001993723023848
-0.002283689132972
-0.002303112370590
-0.002369232891519
-0.002995884313814
-0.001744582520863
0.002575058029156
0.003237415113695
-0.002952135482498
-0.005653633015867
-0.000908879105870
0.001955220003192
-0.001935912474693
-0.005766798259643
-0.003869399095415
0.000427322453134
-0.001643771321270
0.023236605637339
0.021251012148212
0.017784764036699
0.013357665658474
0.009345058207825
0.010652146927553
0.022302551313448
0.036901902584445
0.042811999510205
0.039841975148061
0.034348271453692
0.031185930620371
0.033145579542924
0.038175587418469
0.041161621438320
0.037277194546196
0.026824912945785
0.016802400658871
0.013292829501660
0.015795379985201
0.018006384586094
0.015352305044336
0.009666113438473
0.005167668380535
0.006417560307083
0.013863160298432
0.016694870955680
0.009810291320825
-0.002068687590574
-0.011112830041303
-0.009972626228718
-0.005776249916154
0.002201790962908
0.006015863453908
0.002071875349114
-0.001971936235748
-0.004352180660060
0.000489418720702
0.006656466528407
0.010376608581997
0.003358401708872
0.005320693864395
-0.003327614537902
-0.003264723711522
-0.003180891154562
-0.003081923390598
-0.002952295624513
-0.002775249833406
-0.002505537981195
-0.002125813575784
-0.001714127799156
-0.001387050092705
-0.001217158087939
-0.001211987415826
-0.001336865459487
-0.001526714171601
-0.001743516822042
-0.001972282969126
-0.002184110823715
-0.002368288373368
-0.002547434944724
-0.002689541034593
-0.002760234246975
-0.002775474923187
-0.002730514123772
-0.002618885420038
-0.002443097211399
-0.002224653365459
-0.001992236809539
-0.001770832119145
-0.001567761388334
-0.001381703529056
-0.001206693926847
-0.001036389879120
-0.000870982006893
-0.000716815022178
-0.000580427514299
-0.000463708621756
-0.000362815666702
-0.000274503415355
-0.000196776555182
-0.000128650823901
-0.000070107621220
-0.000020968786450
-0.070799108804858
-0.070918979047216
-0.070115970327776
-0.067314181235952
-0.062137597639396
-0.059524616444673
-0.062869824092414
-0.061492738985800
-0.042574991231988
-0.012202719229753
0.021001986630582
0.051418700564379
0.073653409358342
0.086975173947960
0.097135831154069
0.108274517985042
0.117800051226578
0.122585806582501
0.122667074063778
0.114302451284006
0.097903487554761
0.076191993949508
0.054363606007012
0.036960406178814
0.028975981558902
0.026616313643869
0.022959779887479
0.018381697110989
0.016469291658372
0.014569049836992
0.005521619038519
0.003228565963728
0.000000000000000
0.010394083696555
0.008798302735662
0.000000000000000
0.000000000000000
0.012154862968321
0.019571909115769
-0.005860927458503
-0.014082745059575
0.000000000000000
-0.016381897813669
-0.021898799866004
-0.020205447106371
-0.012532151218384
-0.023841658942077
-0.026056942833409
-0.030837079265150
-0.039003012525561
-0.003779554067043
-0.000362777599691
-0.000009744609470
0.000047804241462
0.000051286505138
0.000095073124857
0.000101798801662
0.000089830712288
0.000231589764034
0.000416278717483
0.001067904774727
0.001657617183722
0.001463416937033
0.000745123345631
0.000491013089475
0.000341987016431
-0.000009685922186
0.000000000000000
0.000000000000000
0.000000000000000
0.000000000000000
0.000000000000000
0.000000000000000
0.000000000000000
0.000000000000000
0.000000000000000
0.000000000000000
0.000000000000000
0.000000000000000
0.000000000000000
0.000000000000000
0.000000000000000
0.000000000000000
0.000000000000000
-0.009546663154628
-0.009792850764745
-0.010567567197085
-0.011930882979884
-0.013872062931397
-0.016305657899132
-0.018953504756638
-0.021458602869187
-0.023481353029390
-0.024626559646779
-0.024695299926105
-0.024003916781313
-0.022981124562640
-0.023324109775838
-0.024835982518403
-0.026203276706774
-0.023635221471512
-0.008648920051559
-0.001208044978695
-0.000549333988816
-0.000163929449059
-0.000072150639109
-0.000051985650593
-0.000020686303004
-0.000001398949472
-0.000000041830661
0.000000000000000
0.000000000000000
0.000000000000000
0.000000000000000
0.000000000000000
0.000000000000000
0.000000000000000
0.000000000000000
0.000000000000000
0.000000000000000
0.000000000000000
0.000000000000000
0.000000000000000
0.000000000000000
0.000000000000000
0.000000000000000
0.000000000000000
0.000000000000000
0.000000000000000
0.000000000000000
0.000000000000000
0.000000000000000
0.000000000000000
0.000000000000000
0.000000000000000
0.000000000000000
0.000000000000000
0.000000000000000
0.000000000000000
0.000000000000000
0.000000000000000
0.000000000000000
0.000000000000000
0.000000000000000
0.000000000000000
0.000000000000000
0.000000000000000
0.000000000000000
0.000000000000000
0.000000000000000
0.000000000000000
0.000000000000000
0.000000000000000
0.000000000000000
0.000000000000000
0.000000000000000
0.000000000000000
0.000000000000000
0.000000000000000
0.000000000000000
0.000000000000000
0.000000000000000
0.000000000000000
0.000000000000000
0.000000000000000
0.000000000000000
0.000000000000000
0.000000000000000
0.000000000000000
0.000000000000000
0.000000000000000
0.000000000000000
0.000000000000000
0.000000000000000
0.000000000000000
0.000000000000000
0.000000000000000
0.000000000000000
0.000000000000000
0.000000000000000
0.000000000000000
-0.000000000560604
-0.000000164018301
-0.000004471761063
-0.000068944544527
-0.001533757564385
0.003455994038234
0.016325404274538
0.027357138802154
0.022772847653165
-0.002626616266895
-0.031730598647924
-0.038242494494661
-0.026749859687249
-0.024006664342521
-0.027972655663255
-0.020469250410542
-0.004473931787670
0.001492207167054
0.000002467883116
-0.000259395620453
-0.000039259378979
-0.000000643273944
-0.000000012262657
-0.000000000009824
-0.000000000000146
0.000000000000000
0.000000000000000
0.000000000000000
0.000000000000000
0.000000000000000
0.000000000000000
0.000000000000000
0.000000000000000
0.000000000000000
0.000000000000000
0.000000000000000
0.000000000000000
0.000000000000000
0.000000000000000
0.000000000000000
0.000000000000000
0.000000000000000
0.000000000000000
0.000000000000000
0.000000000000000
0.000000000000000
0.000000000000000
0.000000000000000
0.000000000000000
0.000000000000000
0.000000000000000
0.000000000000000
0.000000000000000
0.000000000000000
0.000000000000000
0.000000000000000
0.000000000000000
0.000000000000000
0.000000000000000
0.000000000000000
0.000000000000000
0.000000000000000
0.000000000000000
0.000000000000000
0.000000000000000
0.000000000000000
0.000000000000000
0.000000000000000
0.000000000000000
0.000000000000000
0.000000000000000
