4.0606
4.0606
4.0606
4.0606
4.0606
4.0606
4.0606
4.0606
4.0606
4.0606
4.0606
4.0606
4.0606
4.0606
4.0606
4.0606
4.0606
4.0606
4.0606
4.0606
4.0606
4.0606
4.0606
4.0606
4.0606
4.0606
4.0606
4.0606
4.0606
4.0606
4.0606
4.0606
4.0606
4.0606
4.0606
4.0606
4.0606
4.0606
4.0606
4.0606
4.0606
4.0606
0.00015754
0.022204
0.044249
0.06438
0.081726
0.095814
0.10692
0.1166
0.12607
0.13452
0.14053
0.14379
0.14503
0.14516
0.14469
0.14334
0.14098
0.13831
0.13669
0.13696
0.13983
0.14686
0.15901
0.17511
0.19159
0.20431
0.21078
0.21002
0.19816
0.17276
0.14368
0.12185
0.10715
0.099371
0.10059
0.10872
0.12218
0.1377
0.15785
0.19312
0.21372
0.17788
0.059614
0.93501
0.92553
0.8875
0.83889
0.80293
0.81512
0.88881
0.96058
0.99454
1.0098
1.0079
0.99226
0.97531
0.96299
0.95649
0.95982
0.97291
0.9474
0.86396
0.82169
0.77818
0.72396
0.68718
0.66551
0.66499
0.67973
0.67133
0.63911
0.62198
0.74359
1.1806
1.5067
1.7123
1.715
1.6848
1.816
1.7031
1.7189
1.8266
1.9031
2.2609
1.3597
233.72
233.72
233.72
233.72
233.72
233.72
233.72
233.72
233.72
233.72
233.72
233.72
233.72
233.72
233.72
233.72
233.72
233.72
233.72
233.72
233.72
233.72
233.72
233.72
233.72
233.72
233.72
233.72
233.72
233.72
233.72
233.72
233.72
233.72
233.72
233.72
233.72
233.72
233.72
233.72
233.72
233.72
0.0011656
0.0012003
0.0012287
0.0012887
0.001405
0.0015745
0.0017392
0.0018364
0.0018926
0.00189
0.0018082
0.0016782
0.0015395
0.0014004
0.0012476
0.0010924
0.00097257
0.00091496
0.00087554
0.00081204
0.00075141
0.00067057
0.00055188
0.0004094
0.00026623
0.00014572
6.761e-05
2.9545e-05
1.2818e-05
5.1196e-06
2.144e-06
1.2073e-06
9.7219e-07
1.1565e-06
1.1823e-06
8.9252e-07
9.6749e-07
1.1411e-06
1.3055e-06
1.6031e-06
1.574e-06
9.009e-07
3.1751e-06
3.1751e-06
3.1751e-06
3.1751e-06
3.1751e-06
3.1751e-06
3.1751e-06
3.1751e-06
3.1751e-06
3.1751e-06
3.1751e-06
3.1751e-06
3.1751e-06
3.1751e-06
3.1751e-06
3.1751e-06
3.1751e-06
3.1751e-06
3.1751e-06
3.1751e-06
3.1751e-06
3.1751e-06
3.1751e-06
3.1751e-06
3.1751e-06
3.1751e-06
3.1751e-06
3.1751e-06
3.1751e-06
3.1751e-06
3.1751e-06
3.1751e-06
3.1751e-06
3.1751e-06
3.1751e-06
3.1751e-06
3.1751e-06
3.1751e-06
3.1751e-06
3.1751e-06
3.1751e-06
3.1751e-06
1.0114e-06
1.0114e-06
1.0114e-06
1.0114e-06
1.0114e-06
1.0114e-06
1.0114e-06
1.0114e-06
1.0114e-06
1.0114e-06
1.0114e-06
1.0114e-06
1.0114e-06
1.0114e-06
1.0114e-06
1.0114e-06
1.0114e-06
1.0114e-06
1.0114e-06
1.0114e-06
1.0114e-06
1.0114e-06
1.0114e-06
1.0114e-06
1.0114e-06
1.0114e-06
1.0114e-06
1.0114e-06
1.0114e-06
1.0114e-06
1.0114e-06
1.0114e-06
1.0114e-06
1.0114e-06
1.0114e-06
1.0114e-06
1.0114e-06
1.0114e-06
1.0114e-06
1.0114e-06
1.0114e-06
1.0114e-06
9.9395e-07
9.9395e-07
9.9395e-07
9.9395e-07
9.9395e-07
9.9395e-07
9.9395e-07
9.9395e-07
9.9395e-07
9.9395e-07
9.9395e-07
9.9395e-07
9.9395e-07
9.9395e-07
9.9395e-07
9.9395e-07
9.9395e-07
9.9395e-07
9.9395e-07
9.9395e-07
9.9395e-07
9.9395e-07
9.9395e-07
9.9395e-07
9.9395e-07
9.9395e-07
9.9395e-07
9.9395e-07
9.9395e-07
9.9395e-07
9.9395e-07
9.9395e-07
9.9395e-07
9.9395e-07
9.9395e-07
9.9395e-07
9.9395e-07
9.9395e-07
9.9395e-07
9.9395e-07
9.9395e-07
9.9395e-07
3.8661e-05
3.8661e-05
3.8661e-05
3.8661e-05
3.8661e-05
3.8661e-05
3.8661e-05
3.8661e-05
3.8661e-05
3.8661e-05
3.8661e-05
3.8661e-05
3.8661e-05
3.8661e-05
3.8661e-05
3.8661e-05
3.8661e-05
3.8661e-05
3.8661e-05
3.8661e-05
3.8661e-05
3.8661e-05
3.8661e-05
3.8661e-05
3.8661e-05
3.8661e-05
3.8661e-05
3.8661e-05
3.8661e-05
3.8661e-05
3.8661e-05
3.8661e-05
3.8661e-05
3.8661e-05
3.8661e-05
3.8661e-05
3.8661e-05
3.8661e-05
3.8661e-05
3.8661e-05
3.8661e-05
3.8661e-05
4.7793e-07
4.7793e-07
4.7793e-07
4.7793e-07
4.7793e-07
4.7793e-07
4.7793e-07
4.7793e-07
4.7793e-07
4.7793e-07
4.7793e-07
4.7793e-07
4.7793e-07
4.7793e-07
4.7793e-07
4.7793e-07
4.7793e-07
4.7793e-07
4.7793e-07
4.7793e-07
4.7793e-07
4.7793e-07
4.7793e-07
4.7793e-07
4.7793e-07
4.7793e-07
4.7793e-07
4.7793e-07
4.7793e-07
4.7793e-07
4.7793e-07
4.7793e-07
4.7793e-07
4.7793e-07
4.7793e-07
4.7793e-07
4.7793e-07
4.7793e-07
4.7793e-07
4.7793e-07
4.7793e-07
4.7793e-07
