-0.008164146214596
-0.007789879149599
-0.007956481532237
-0.007999583507310
-0.007507756410229
-0.005570519040436
-0.002017437967347
0.001543730333441
0.003121121188996
0.003056018408782
0.002348183795807
0.001622696768042
0.001097504893574
0.000303857736225
-0.001467266426955
-0.004040362867524
-0.006726340704939
-0.007836512717148
-0.005377353086448
-0.000544750557671
0.003443440335498
0.004646637519156
0.003985287100443
0.001906050569206
-0.002288269902702
-0.004943807937724
-0.001979337468283
0.003829185235231
0.005459522649809
0.000867123875676
-0.001216964539279
0.000090263357412
0.003218142398636
0.002332888334517
-0.001057960523243
-0.004987591879796
-0.007313573368419
-0.007460973068634
-0.004541959622666
-0.002027431122186
0.005131071069857
0.011321606658602
-0.001229014881209
0.009980804780356
0.009599665589309
0.008914362033177
0.007929877457677
0.006750419114938
0.005661774992527
0.005122141579718
0.005327952828079
0.005878728447187
0.006289673407096
0.006954873767472
0.008858614158875
0.012160647205339
0.015683063427969
0.018006538907942
0.018778773992193
0.018633210335402
0.017681763396523
0.014784622960415
0.009432142381570
0.003975160832432
0.001989103244591
0.004177612596728
0.007729818715316
0.009534418596852
0.008830420631669
0.006816900881447
0.004885397016908
0.003196863141731
-0.000038998052665
-0.006914687188075
-0.012865495573344
-0.006334981090982
0.003675014742306
0.002236728295973
-0.003897237280713
-0.004205515251723
-0.000077503780091
0.001479989559471
-0.000103335116556
-0.001929391129689
0.000120901177759
0.017008176086888
0.014382051224280
0.008985746320644
0.001595959651327
-0.007234925752162
-0.013243741559137
-0.009728812894133
0.001644090248216
0.010400188027367
0.009204182840546
0.000878770689657
-0.007432870119749
-0.010820518511603
-0.009098500842607
-0.004479476557793
0.000595038345701
0.004502446212244
0.006025324808006
0.003432742123844
0.000160837003223
0.001225594243457
0.008422254685147
0.016804112049739
0.017142618074877
0.007764309976917
-0.001523369035935
-0.004127659692640
-0.000094193117430
0.005494053206332
0.008197176948967
0.002134730732646
-0.000784436658174
-0.000217484767236
-0.001833738374077
-0.001891040411700
0.002571842677646
0.005244037997316
0.002743875757007
-0.000919468199689
0.000687116470722
0.005468633977443
0.003731607266182
-0.000337511842234
-0.000334379771931
-0.000331824596330
-0.000332176277454
-0.000336472256427
-0.000347928153862
-0.000363907480483
-0.000368526151209
-0.000342118729308
-0.000272743612273
-0.000158485742992
-0.000004669739186
0.000167096672203
0.000334081104447
0.000478776937189
0.000587755833686
0.000660932026035
0.000710106541088
0.000744952597266
0.000756551372540
0.000743306216684
0.000713884373301
0.000678501096618
0.000649321999546
0.000616720648201
0.000571926578241
0.000520718047752
0.000472641012218
0.000430937925852
0.000392345841927
0.000351679154780
0.000306405505980
0.000259276576892
0.000214837580474
0.000175211020797
0.000140365112046
0.000109907635170
0.000083603090293
0.000060716458253
0.000040519494194
0.000022444859218
0.000005782480825
-0.031703062021566
-0.028154097960112
-0.025194357081931
-0.022096501298471
-0.020393158115361
-0.025608870760839
-0.043502389668010
-0.069658074127168
-0.088276388236403
-0.094455916077199
-0.095104553867222
-0.094631229224660
-0.093684492942332
-0.092794943295099
-0.092721926565204
-0.092107817167712
-0.087679471603423
-0.076340287632043
-0.060657406760033
-0.048832130372205
-0.041643420371010
-0.036657359168664
-0.033344149889067
-0.030496470686579
-0.027837363538121
-0.024979488759935
-0.021546564046559
-0.018587548742743
-0.015369818959970
-0.010096878200388
-0.009172460988733
-0.013306483622308
-0.007328688672537
-0.000276328914226
0.000293358182853
0.000000000000000
0.000000000000000
0.001999549439430
-0.006314538824473
0.003271765186788
0.011907624842626
0.010345197516025
0.000026289426959
0.000030738007185
0.000005880446737
-0.000178464581399
-0.000841873488413
-0.003321119871269
-0.008339650921236
-0.015320717090075
-0.015928850571243
-0.012901613292749
-0.019835034342644
-0.029989083017776
-0.028604145169622
-0.016189666568378
-0.004886880289532
-0.003732113411811
-0.010677903012796
-0.018096662644865
-0.003817386586445
0.004650585151607
-0.003808606475815
-0.014588737965621
-0.016123244043220
-0.010094032223014
-0.003063108819225
-0.001353937573251
-0.000211329763531
-0.000000000000370
-0.000000000000006
0.000000000000000
0.000000000000000
0.000000000000000
0.000000000000000
0.000000000000000
0.000000000000000
0.000000000000000
0.000000000000000
0.000000000000000
0.000000000000000
0.000000000000000
0.000000000000000
0.000000000000000
-0.007585522477522
-0.007528806540788
-0.007422478556877
-0.007244816873517
-0.006970413262941
-0.006545330621658
-0.005886341291730
-0.004878229773009
-0.003350605395414
-0.001116153050032
0.001996644459708
0.006456143809946
0.012190211584867
0.017694041414998
0.021192171887878
0.021997809408020
0.020357460288613
0.016347705969652
0.009437866188636
0.001658692741813
0.000725546950724
-0.000244896899861
-0.000520758141459
-0.000306955299760
-0.000033722389895
-0.000003272657137
-0.000000075865814
-0.000000018818839
0.000000000000000
0.000000000000000
0.000000000000000
0.000000000000000
0.000000000000000
0.000000000000000
0.000000000000000
0.000000000000000
0.000000000000000
0.000000000000000
0.000000000000000
0.000000000000000
0.000000000000000
0.000000000000000
0.000000000000000
0.000000000000000
0.000000000000000
0.000000000000000
0.000000000000000
0.000000000000000
0.000000000000000
0.000000000000000
0.000000000000000
0.000000000000000
0.000000000000000
0.000000000000000
0.000000000000000
0.000000000000000
0.000000000000000
0.000000000000000
0.000000000000000
-0.000000007777049
-0.000018496030506
-0.000204632272058
-0.000268767115688
-0.000318090596692
-0.000032493970466
0.000858745681327
-0.001119343304750
0.005989665202215
-0.010101129303631
-0.005674987262368
-0.003658986986945
0.002566606621655
0.011153305391212
0.013130264365469
0.006395527093403
0.000846495899498
0.000021925631151
0.000000764860280
0.000000000095589
0.000000000000000
0.000000000000000
0.000000000000000
0.000000000000000
0.000000000000000
0.000000000000000
0.000000000000000
0.000000000000000
0.000000000000000
0.000000000000000
0.000000000000000
0.000000000000000
0.000000000000000
0.000000000000000
0.000000000000000
0.000000000000000
0.000000000000000
0.000000000000000
0.000000000755275
0.000000050642310
0.000003478277240
-0.000005087180163
-0.000454672972922
-0.006059609816807
-0.004683755471490
-0.001487028885816
0.003057590569640
0.008252369137064
0.012127641559642
0.012057318617459
0.006684601387314
-0.003243162189605
-0.013128259067534
-0.016899233288185
-0.008997529406316
0.006926783134889
0.013890130359453
0.006750964386704
0.000812068650286
0.000016299407040
0.000000023726817
0.000000009357442
0.000000001380312
0.000000000054517
0.000000000000175
0.000000000000000
0.000000000000000
0.000101028679653
0.000108067347921
0.000119727665578
0.000133521481270
0.000149051426760
0.000168755875861
0.000194724931691
0.000233476323342
0.000299052300763
0.000422745674827
0.000641225035978
0.001007949845467
0.001603109848476
0.002533991624808
0.003877863262268
0.005728008552229
0.008141575478097
0.011015980267691
0.012321170510613
0.013845306419901
0.006916959766551
0.007551987010244
0.013297829660684
0.020350847675155
0.024960062945134
0.026457029322298
0.026859307495634
0.027411081450082
0.027552717291985
0.026216023921154
0.021670456811244
0.013417866799553
0.004896097953105
0.000564977274395
0.000008419181616
0.000000009307814
0.000000001714198
0.000000000129491
0.000000000000000
0.000000000000000
0.000000000000000
0.000000000000000
