-0.076234422518832
-0.076226609089998
-0.074036606807204
-0.070438081306042
-0.065656367430137
-0.059195531781590
-0.050140975717227
-0.038330496949465
-0.024676893384198
-0.012381332484321
-0.002414661549091
0.005447168674452
0.009488059880201
0.011817923725896
0.014480688831944
0.016431408215640
0.015607916545664
0.010786896022107
0.002608721908232
-0.005071294396185
-0.011423969799686
-0.015865982417452
-0.017100524937613
-0.012887910171450
-0.004043053605270
0.004120227302380
0.001344544741902
-0.010784589122339
-0.023755071091358
-0.021868528876643
0.005271731391522
0.029841199636226
0.005497072173647
-0.017398807171151
-0.014456249453594
-0.006055596767074
-0.005621787498483
-0.007899498816975
-0.008673883773138
-0.002464879162501
0.008443689669881
0.030743137424962
-0.017407129911242
0.007820200830276
0.007455471769520
0.007317963058216
0.007125770783537
0.006975254443869
0.007160013117771
0.008848693744190
0.014498301033754
0.026150356949617
0.040541856324943
0.049941106449415
0.048606249560525
0.034124222716141
0.007861261179073
-0.017420971831373
-0.025228112425609
-0.014106268606363
0.002642564124221
0.010608617247829
0.005616100948222
-0.003728758100359
-0.007713347821613
-0.004227159537554
0.003974082071683
0.008439616299321
0.006920862324364
0.000966706342914
-0.006797306326224
-0.012369964082642
-0.009519924983750
-0.000107458696061
0.001034272107424
-0.014301656414772
-0.028938184340449
-0.022768262649455
-0.007204945045260
-0.003352109388983
-0.011811189570531
-0.016285328638145
-0.010536674068760
0.000065877296827
0.010552257256731
0.050038774566390
0.048245427989899
0.041304626312884
0.029419837861343
0.011155722641891
-0.014866941961303
-0.035099023118545
-0.033553371829363
-0.001591957340489
0.040443870051459
0.044873622743252
0.012246841886901
-0.004777898772751
-0.000751513634850
0.016151406272621
0.038763932718144
0.046227808569022
0.030129772700241
0.002817444988412
-0.018126056940792
-0.020621911876468
-0.010163883678954
0.001898811779707
0.012077478898803
0.015279720920163
0.014206329700918
0.008126635247100
-0.001688300219198
-0.000074490640794
0.015573213524126
0.019223857407690
0.010495075926149
0.009303240297701
0.013531868646252
0.011759381580867
0.001361035482761
0.000498860344851
0.016366219379948
0.028608696389954
0.021909581126087
0.000645034627180
0.005085682461512
-0.004229698387047
-0.004181719539997
-0.004123278590385
-0.004057141871582
-0.003984176731086
-0.003906762275868
-0.003820910010145
-0.003707245434140
-0.003573065512744
-0.003425109399176
-0.003283091513474
-0.003154777261625
-0.003044181893744
-0.002950223020159
-0.002866782822114
-0.002797553198518
-0.002726506179336
-0.002644316824311
-0.002549429383739
-0.002446029242497
-0.002321695064039
-0.002177031624309
-0.002021523637465
-0.001852906178122
-0.001671134380415
-0.001488270702525
-0.001314332190098
-0.001154518108020
-0.001008518897391
-0.000874477652833
-0.000751137219367
-0.000637670939552
-0.000533794887735
-0.000440363425152
-0.000357955455635
-0.000285749689437
-0.000222836279175
-0.000168057721715
-0.000120629975526
-0.000079457477165
-0.000043564533562
-0.000012496587226
-0.001562035074697
0.007528349515257
0.012609254537577
0.016245972252185
0.020047535553570
0.021795188117604
0.014185799650377
-0.010904745018221
-0.050150844310240
-0.060312342252894
-0.024820289182723
0.022997503612753
0.057178623450684
0.068348230747476
0.052738751749277
0.028219735313426
0.020515865047137
0.034225340783875
0.055265446894587
0.066311485256179
0.059921156505887
0.045945348799574
0.036114238116159
0.034643094988285
0.036886301585212
0.034913273814933
0.025851403478561
0.014080121466016
0.002407808350049
-0.004568265283355
0.002940193557940
0.003806950103554
0.000000000000000
0.009295921328194
0.013861999853589
0.000000000000000
0.000000000000000
0.015752234291227
0.009465484992064
0.010308418063295
0.026182028726486
0.047534318039243
-0.000020085671669
-0.000054626711754
-0.000372352155350
-0.002392859133158
-0.010090496298310
-0.028425487666875
-0.045269953362264
-0.078711312278063
-0.122899324017657
-0.094725503293176
-0.022972007800931
-0.058715618786149
-0.077295254987047
-0.063646289607388
-0.083705721335859
-0.086693408262800
-0.057387624397724
-0.025695883400104
0.002241559797680
0.001106600543413
0.000268829454378
0.000033561289879
-0.000022298671156
-0.000005734705304
0.000000360565665
0.000000000000000
0.000000000000000
0.000000000000000
0.000000000000000
0.000000000000000
0.000000000000000
0.000000000000000
0.000000000000000
0.000000000000000
0.000000000000000
0.000000000000000
0.000000000000000
0.000000000000000
0.000000000000000
0.000000000000000
0.000000000000000
0.000000000000000
-0.004281772584085
-0.000591769003939
0.003660899142070
0.008580630607404
0.014298290716948
0.020939839780280
0.028525075937804
0.037188717393137
0.047459796309900
0.057900768768468
0.058028212180758
0.038191153062382
0.013942855769720
-0.005162827910469
-0.014170014505489
-0.012375086358795
-0.006827357758042
-0.002934981156014
-0.000519060146037
-0.000230662820384
-0.000080542323086
-0.000010052067016
-0.000003078835906
-0.000002280237073
-0.000000210497163
-0.000000033103393
0.000000000000000
0.000000000000000
0.000000000000000
0.000000000000000
0.000000000000000
0.000000000000000
0.000000000000000
0.000000000000000
0.000000000000000
0.000000000000000
0.000000000000000
0.000000000000000
0.000000000000000
0.000000000000000
0.000000000000000
0.000000000000000
0.000000000000000
0.000000000000000
0.000000000000000
0.000000000000000
0.000000000000000
0.000000000000000
0.000000000000000
0.000000000000000
0.000000000000000
0.000000000000000
0.000000000000000
0.000000000000000
0.000000000000000
0.000000000000000
0.000000000000000
0.000000000000000
0.000000000000000
0.000000000000000
0.000000000000000
0.000000000000000
0.000000000000000
0.000000000000000
0.000000000000000
0.000000000000000
0.000000000000000
0.000000000000000
0.000000000000000
0.000000000000000
0.000000000000000
0.000000000000000
0.000000000000000
0.000000000000000
0.000000000000000
0.000000000000000
0.000000000000000
0.000000000000000
0.000000000000000
0.000000000000000
0.000000000000000
0.000000000000000
0.000000000000000
0.000000000000000
0.000000000000000
0.000000000000000
0.000000000000000
0.000000000000000
0.000000000000000
0.000000000000000
0.000000000000000
0.000000000000000
0.000000000000000
0.000000000000000
0.000000000000000
0.000000000000000
0.000000000000000
-0.000000000055132
-0.000000021382192
-0.000001484313919
-0.000060926080576
-0.000765167162431
-0.005140136168063
-0.011443550409702
-0.023131807884326
-0.034299523185590
-0.032350445470161
-0.014676377538998
0.001547737256168
0.002079279572406
0.000090745527740
0.010277536219541
0.019128460349871
0.006557152713768
-0.000850825902640
-0.000496764791754
-0.000218054238677
-0.000029639592587
-0.000000472654986
-0.000000006791927
-0.000000000031394
-0.000000000000021
0.000000000000000
0.000000000000000
0.000000000000000
0.000000000000000
0.000000000000000
0.000000000000000
0.000000000000000
0.000000000000000
0.000000000000000
0.000000000000000
0.000000000000000
0.000000000000000
0.000000000000000
0.000000000000000
0.000000000000000
0.000000000000000
0.000000000000000
0.000000000000000
0.000000000000000
0.000000000000000
0.000000000000000
0.000000000000000
0.000000000000000
0.000000000000000
0.000000000000000
0.000000000000000
0.000000000000000
0.000000000000000
0.000000000000000
0.000000000000000
0.000000000000000
0.000000000000000
0.000000000000000
0.000000000000000
0.000000000000000
0.000000000000000
0.000000000000000
0.000000000000000
0.000000000000000
0.000000000000000
0.000000000000000
0.000000000000000
0.000000000000000
0.000000000000000
0.000000000000000
0.000000000000000
