-0.011379976459949
-0.011456060252526
-0.012068496901654
-0.013618803609507
-0.015148442544237
-0.014879180347314
-0.012027593848963
-0.006348201918532
0.001455320913629
0.009279890029133
0.013491797000498
0.012092206705963
0.005594756589580
-0.003898483437050
-0.013287380710936
-0.018384672782671
-0.015638310394789
-0.004997308209680
0.006072455672188
0.010237822332425
0.006641293243840
0.002230492655316
0.006288065947624
0.010493201045240
0.007880816967440
-0.003673749740904
-0.014600338249503
-0.013996287981867
-0.004223438240434
0.007492407916645
0.004986786505205
-0.013445894400282
-0.020630640833128
-0.026720092756592
-0.025675937633914
-0.009805011817216
0.005483552079991
0.003573900176660
-0.006492672475441
-0.006924122649635
0.007529162753106
0.011009932799380
-0.000492925988109
0.003473269830371
0.002178879227378
0.000316426043803
-0.002083299908209
-0.004569730967199
-0.006001871710561
-0.005098311144313
-0.002126944964134
0.000885032530586
0.002825661998489
0.003786312250230
0.003765149368081
0.002339077263587
-0.000441155818004
-0.003326998501598
-0.004418009598285
-0.002720780333087
0.000633404297588
0.002634050038007
0.001029186642516
-0.003088096480304
-0.006120770661451
-0.005191854557500
-0.001070958471923
0.003338719331661
0.005212102071999
0.003059519586561
-0.001453550269013
-0.005179270848530
-0.005818586586095
-0.000263367027644
0.012463338389328
0.016645305487442
-0.002719155841912
-0.014980643145634
0.002796243230007
0.015541269690293
-0.003600739342407
-0.022691546164155
-0.011314894385102
0.011147496302280
-0.010757111093184
0.006087345203575
0.003772768367328
-0.000708353338973
-0.007684309079891
-0.012928467781191
-0.007083351703747
0.011729006468479
0.028864315087844
0.029771000521411
0.019071396296476
0.010338480529654
0.012917354382326
0.026481171614436
0.046350390992181
0.066036641591967
0.081285393403392
0.095168441624245
0.106013129100788
0.100600275899267
0.075347389284232
0.043532328460188
0.013244965269637
-0.022874241222410
-0.042328899408495
-0.024347876371946
0.009830195570835
0.033003984544699
0.036184153105111
0.015484208547841
-0.010761981813869
-0.012526384579324
0.003179644142178
0.007897871441411
-0.015640693457615
-0.031584251233157
-0.008209571696610
0.022503199569205
0.025677008270096
0.011597540266637
-0.000934392489655
-0.005753910886366
0.015106845438707
-0.000449450631844
-0.000439108243764
-0.000429576198865
-0.000420484739732
-0.000414134141991
-0.000406769629981
-0.000395605725075
-0.000372180327974
-0.000340247178807
-0.000316706219801
-0.000296751432836
-0.000273284877239
-0.000261094358582
-0.000287153292573
-0.000357255416310
-0.000451329515709
-0.000534877972022
-0.000581175122430
-0.000571505963134
-0.000505112886627
-0.000415686196276
-0.000337087720064
-0.000295841439634
-0.000286417693845
-0.000281913997071
-0.000268111223456
-0.000249903016649
-0.000234089199670
-0.000222716910665
-0.000210621202548
-0.000191475630995
-0.000166010516744
-0.000139176579806
-0.000114468849515
-0.000093558518379
-0.000076157963304
-0.000061196289892
-0.000048003273077
-0.000036634271123
-0.000026728683552
-0.000018025174641
0.000000170844406
-0.086262126802831
-0.086042659491802
-0.085020988554998
-0.082127601455409
-0.079180193687925
-0.080693530643871
-0.090916304625301
-0.094645165672965
-0.068616171905970
-0.024788075448024
0.019147887884921
0.054149574241008
0.080154943825015
0.099465611079638
0.112366347533112
0.110476171850936
0.079006135745925
0.014094392341829
-0.059058222839411
-0.096997520188955
-0.090916850395197
-0.052410040033925
0.007267832428048
0.060776055234159
0.097523245173264
0.112749454858216
0.093589836259622
0.042995890224729
-0.004890868838612
-0.007210538763151
0.014615810978803
0.009261638484404
0.000000000000000
-0.047439645245529
-0.021352352643382
0.000000000000000
0.000000000000000
0.005366905804417
-0.026631673966938
-0.024831583062263
-0.007091459655693
-0.010125260539661
0.000000000000000
0.000000000000000
0.000000000000000
0.000000000000000
0.000000000000000
0.000000000000000
0.000000000000000
0.000000000000000
0.000000000000000
0.000000000000000
0.000000000000000
0.000000000000000
0.000000000000000
0.000000000000000
0.000000000000000
0.000000000000000
0.000000000000000
0.000000000000000
0.000000000000000
0.000000000000000
0.000000000000000
0.000000000000000
0.000000000000000
0.000000000000000
0.000000000000000
0.000000000000000
0.000000000000000
0.000000000000000
0.000000000000000
0.000000000000000
0.000000000000000
0.000000000000000
0.000000000000000
0.000000000000000
0.000000000000000
0.000000000000000
0.000000000000000
0.000000000000000
0.000000000000000
0.000000000000000
0.000000000000000
0.000000000000000
0.000000000000000
0.000000000000000
0.000000000000000
0.000000000000000
0.000000000000000
0.000000000000000
0.000000000000000
0.000000000000000
0.000000000000000
0.000000000000000
0.000000000000000
0.000000000000000
0.000000000000000
0.000000000000000
0.000000000000000
0.000000000000000
0.000000000000000
0.000000000000000
0.000000000000000
0.000000000000000
0.000000000000000
0.000000000000000
0.000000000000000
0.000000000000000
0.000000000000000
0.000000000000000
0.000000000000000
0.000000000000000
0.000000000000000
0.000000000000000
0.000000000000000
0.000000000000000
0.000000000000000
0.000000000000000
0.000000000000000
0.000000000000000
0.000000000000000
0.000000000000000
0.000000000000000
0.000000000000000
0.000000000000000
0.000000000000000
0.000000000000000
0.000000000000000
0.000000000000000
0.000000000000000
0.000000000000000
0.000000000000000
0.000000000000000
0.000000000000000
0.000000000000000
0.000000000000000
0.000000000000000
0.000000000000000
0.000000000000000
0.000000000000000
0.000000000000000
0.000000000000000
0.000000000000000
0.000000000000000
0.000000000000000
0.000000000000000
0.000000000000000
0.000000000000000
0.000000000000000
0.000000000000000
0.000000000000000
0.000000000000000
0.000000000000000
0.000000000000000
0.000000000000000
0.000000000000000
0.000000000000000
0.000000000000000
0.000000000000000
0.000000000000000
0.000000000000000
0.000000000000000
0.000000000000000
0.000000000000000
0.000000000000000
0.000000000000000
0.000000000000000
0.000000000000000
0.000000000000000
0.000000000000000
0.000000000000000
0.000000000000000
0.000000000000000
0.000000000000000
0.000000000000000
0.000000000000000
0.000000000000000
0.000000000000000
0.000000000000000
0.000000000000000
0.000000000000000
0.000000000000000
-0.000000009194771
-0.000001105912275
-0.000042455884683
-0.001425621919047
-0.019646276956719
-0.038053248014920
-0.060266951639749
-0.074666203478183
-0.069440631660844
-0.062483719767655
-0.053410876520588
-0.030574687341069
-0.034863842853889
-0.007984569638791
-0.005815021094906
-0.002306177433670
-0.000295469675514
-0.008497347927621
-0.002359141044306
-0.000352072389595
-0.000009121157894
-0.000000004739530
0.000000000034010
-0.000000000000136
0.000000000000000
0.000000000000000
0.000000000000000
0.000000000000000
0.000000000000000
0.000000000000000
0.000000000000000
0.000000000000000
0.000000000000000
0.000000000000000
0.000000000000000
0.000000000000000
0.000000000000000
0.000000000000000
0.000000000000000
0.000000000000000
0.000000000000000
0.000000000000000
0.000000000000000
0.000000000000000
0.000000000000000
0.000000000000000
0.000000000000000
0.000000000000000
0.000000000000000
0.000000000000000
0.000000000000000
0.000000000000000
0.000000000000000
0.000000000000000
0.000000000000000
0.000000000000000
0.000000000000000
0.000000000000000
0.000000000000000
0.000000000000000
0.000000000000000
0.000000000000000
0.000000000000000
0.000000000000000
0.000000000000000
0.000000000000000
0.000000000000000
0.000000000000000
0.000000000000000
0.000000000000000
