8.6978
9.0138
9.1357
9.2549
9.4245
9.6696
9.9295
10.085
10.105
10.06
10.006
9.9641
9.9427
9.9088
9.8151
9.6554
9.4457
9.2029
8.9269
8.5728
8.1093
7.6051
7.1205
6.6885
6.4326
6.5586
7.373
8.5175
9.3733
9.3121
8.5012
7.6103
7.7974
9.3196
11.468
13.574
15.572
17.66
20.134
22.778
24.787
26.808
5.5303e-06
-0.00070967
-0.0016705
-0.0029371
-0.0046027
-0.0067019
-0.0090618
-0.011027
-0.011595
-0.01029
-0.0078857
-0.005598
-0.0041709
-0.0037725
-0.004242
-0.0053264
-0.0067897
-0.008635
-0.011033
-0.013517
-0.015207
-0.015861
-0.016036
-0.0162
-0.01522
-0.011874
-0.0067165
-0.0037272
-0.0065715
-0.011252
-0.0090232
0.00027743
0.007629
0.0082286
0.0050208
0.0016426
-0.00095766
-0.0030807
-0.0048174
-0.0055183
-0.0044163
-0.0016422
0.00084664
301.27
300.52
299.72
298.84
297.89
296.92
295.98
295.1
294.15
293.05
291.74
290.23
288.48
286.48
284.2
281.6
278.69
275.55
272.32
268.94
265.25
261.15
256.52
251.31
245.45
238.96
231.88
224.37
216.68
209.32
203.01
198.78
197.56
199.35
202.9
206.85
210.55
213.69
216.52
219.56
222.9
226.37
1.005e+05
99628
98626
97479
96170
94682
93000
91106
88987
86629
84023
81166
78057
74705
71126
67345
63391
59305
55131
50919
46721
42587
38564
34694
31012
27546
24316
21333
18603
16124
13888
11886
10102
8522.1
7129.1
5905.9
4835.3
3901.2
3088.8
2383.8
1772.6
1244.4
0.018721
0.018312
0.018068
0.017798
0.017397
0.016722
0.015681
0.014385
0.01315
0.012123
0.011246
0.010423
0.0095994
0.0087534
0.0078873
0.0070538
0.0063155
0.0056191
0.0048399
0.0039784
0.0031444
0.0023766
0.0017037
0.0011513
0.00073538
0.00044211
0.00024468
0.00012032
5.2158e-05
2.1334e-05
9.5606e-06
5.6003e-06
4.4406e-06
3.6374e-06
2.3666e-06
1.7538e-06
2.7286e-06
4.5391e-06
5.4931e-06
4.74e-06
3.6892e-06
3.1412e-06
2.3121e-08
2.8467e-08
3.2644e-08
4.8591e-08
2.5107e-07
1.1506e-06
1.9925e-06
4.5898e-07
6.1102e-08
1.0589e-08
3.9625e-09
3.84e-09
4.2156e-09
3.9476e-09
4.3216e-09
4.3371e-09
8.2117e-09
2.0185e-08
4.6738e-08
4.5388e-08
3.9725e-08
4.916e-08
3.1791e-08
1.1471e-08
1.4034e-09
0
0
0
0
0
0
0
0
0
0
0
0
0
0
0
0
0
4.4158e-07
4.3961e-07
4.3936e-07
4.405e-07
4.4259e-07
4.4503e-07
4.4762e-07
4.514e-07
4.5736e-07
4.6563e-07
4.7736e-07
4.9368e-07
5.1535e-07
5.4519e-07
5.8403e-07
6.265e-07
6.2817e-07
3.9805e-07
1.356e-08
7.6227e-09
3.8594e-09
1.1946e-09
4.3952e-10
1.4782e-10
1.0242e-11
1.718e-13
0
0
0
0
0
0
0
0
0
0
0
0
0
0
0
0
0
0
0
0
0
0
0
0
0
0
0
0
0
0
0
0
0
3.6297e-13
3.8301e-11
3.0722e-10
1.1869e-09
4.2403e-09
1.4813e-08
5.125e-08
1.8062e-07
5.1531e-07
1.1229e-06
1.9325e-06
2.3271e-06
1.7008e-06
7.951e-07
2.6926e-07
6.6135e-08
4.5035e-09
6.8338e-12
8.6411e-15
0
0
0
0
0
0
0
0
0
0
0
0
0
0
0
0
0
0
0
4.505e-14
2.589e-11
1.2261e-09
4.2011e-08
1.0324e-06
7.6466e-06
1.2485e-05
1.9337e-05
2.8094e-05
3.7495e-05
4.5672e-05
5.2061e-05
5.5598e-05
5.4276e-05
4.695e-05
3.343e-05
1.8021e-05
6.8584e-06
1.5682e-06
2.3084e-07
1.6896e-08
2.7729e-10
2.6484e-12
5.954e-15
1.1927e-17
0
0
0
0
0
0
0
0
0
0
0
0
0
0
0
0
0
4.6137e-16
6.0167e-14
4.3259e-12
1.8715e-10
5.4547e-09
6.3747e-08
7.6566e-08
1.0549e-07
1.5457e-07
2.2455e-07
3.1099e-07
3.9458e-07
4.3789e-07
4.1984e-07
3.4243e-07
2.2993e-07
1.2161e-07
4.9062e-08
1.3587e-08
2.6642e-09
3.4063e-10
1.174e-11
5.4914e-15
0
0
0
0
0
0
