9.2271
9.5603
9.6878
9.7945
9.9385
10.154
10.393
10.541
10.559
10.511
10.452
10.396
10.338
10.244
10.072
9.8204
9.4959
9.1118
8.7102
8.3131
7.9164
7.5118
7.1121
6.7843
6.6495
6.8302
7.5119
8.3733
8.9197
8.7528
8.0049
7.3204
8.0092
9.9697
12.092
14.063
15.974
17.979
20.383
22.993
25.077
27.27
4.3275e-06
0.00031915
0.00070351
0.0011687
0.0017238
0.0023796
0.003152
0.0040441
0.0050173
0.0060407
0.0071345
0.0083028
0.00952
0.010756
0.011991
0.01321
0.014399
0.015531
0.016642
0.017915
0.019512
0.021358
0.023096
0.024543
0.025809
0.026895
0.027186
0.025436
0.021031
0.015324
0.011002
0.0090186
0.0072575
0.0044034
0.0020204
0.0010195
0.00028321
-0.0009492
-0.0020651
-0.0020914
-0.0013285
-0.00066636
-0.0018056
301.08
300.35
299.57
298.7
297.76
296.78
295.83
294.91
293.93
292.81
291.51
290.01
288.29
286.32
284.08
281.53
278.64
275.52
272.34
269
265.35
261.29
256.7
251.49
245.61
239.09
232.01
224.52
216.87
209.52
203.12
198.74
197.43
199.16
202.69
206.68
210.42
213.59
216.43
219.46
222.84
226.37
1.0036e+05
99489
98489
97344
96036
94551
92870
90979
88863
86507
83905
81051
77947
74599
71026
67249
63301
59221
55054
50848
46656
42528
38511
34646
30970
27509
24283
21304
18578
16102
13870
11870
10090
8511.5
7120.4
5899
4829.9
3897.1
3085.9
2381.8
1771.5
1244
0.018724
0.018298
0.018055
0.0178
0.017435
0.016832
0.015888
0.014702
0.013546
0.012528
0.0116
0.010697
0.0097877
0.0088725
0.0079622
0.0070988
0.0063373
0.0056327
0.0048553
0.0039584
0.0030718
0.0022686
0.001588
0.0010547
0.00066598
0.00039495
0.00021466
0.00010518
4.7262e-05
2.057e-05
9.5785e-06
5.5804e-06
4.3129e-06
3.4673e-06
2.2634e-06
1.7113e-06
2.6287e-06
4.427e-06
5.5097e-06
4.8471e-06
3.8033e-06
3.2523e-06
1.3039e-08
2.232e-08
8.5622e-08
3.5209e-07
1.2664e-06
4.0388e-06
1.0629e-05
1.7958e-05
2.1332e-05
2.0834e-05
1.8551e-05
1.5898e-05
1.4089e-05
1.2881e-05
1.2129e-05
1.1875e-05
1.3023e-05
1.8089e-05
1.6597e-05
1.3396e-05
1.0273e-05
7.4064e-06
5.1845e-06
3.4644e-06
2.279e-06
9.7224e-07
4.1053e-08
1.6172e-17
2.5269e-19
0
0
0
0
0
0
0
0
0
0
0
0
0
3.6123e-05
3.6456e-05
3.697e-05
3.7666e-05
3.8566e-05
3.9695e-05
4.1067e-05
4.2686e-05
4.4471e-05
4.619e-05
4.7532e-05
4.8334e-05
4.8704e-05
4.8695e-05
4.8189e-05
4.6752e-05
4.2852e-05
3.245e-05
1.4476e-05
6.7117e-06
2.2121e-06
1.0649e-06
6.0516e-07
3.4657e-07
7.1184e-08
5.6493e-09
2.947e-10
2.2547e-12
0
0
0
0
0
0
0
0
0
0
0
0
0
0
0
0
0
0
0
0
0
0
0
0
0
0
0
0
0
0
0
1.0235e-12
5.7364e-10
9.2995e-09
2.3385e-08
3.2269e-08
4.0263e-08
6.6548e-08
2.2437e-07
6.7859e-07
1.1481e-06
1.3956e-06
1.5427e-06
1.3317e-06
8.7038e-07
3.9792e-07
1.0695e-07
9.3733e-09
2.2597e-10
3.0125e-12
2.1724e-16
0
0
0
0
0
0
0
0
0
0
0
0
0
0
0
0
0
0
1.723e-12
5.0467e-10
3.7549e-08
8.626e-07
8.4958e-06
7.1655e-05
9.8718e-05
0.00011857
0.00013605
0.00015159
0.00016511
0.00017583
0.00018291
0.00018561
0.00018279
0.00017006
0.00013966
9.0036e-05
3.6321e-05
6.5134e-06
4.1143e-07
6.8681e-09
3.5206e-11
2.9775e-12
3.4023e-13
1.0753e-14
2.6719e-17
0
0
3.6721e-09
4.0468e-09
4.5515e-09
5.1792e-09
6.0568e-09
7.2989e-09
9.0472e-09
1.1928e-08
1.7192e-08
2.7719e-08
4.9494e-08
9.5727e-08
1.9734e-07
4.2643e-07
9.3646e-07
2.0284e-06
4.2258e-06
8.482e-06
1.7072e-05
1.8396e-05
1.7646e-05
1.5673e-05
1.3768e-05
1.2078e-05
1.0726e-05
9.4375e-06
8.2259e-06
7.1699e-06
6.0527e-06
4.6617e-06
2.9752e-06
1.363e-06
3.7213e-07
3.6109e-08
5.648e-10
2.2307e-12
8.2772e-14
4.763e-15
0
0
0
0
