-0.001137328655384
-0.001132700302923
-0.000847717492831
-0.000372351369437
0.000188762204943
0.000768007925410
0.001182318306062
0.001422810828613
0.001343502377098
0.000930355326135
0.000322946917815
-0.000157992038944
-0.000297609606965
-0.000317849311639
-0.000500871340107
-0.000689959773669
-0.000549201003325
0.000234998375096
0.001312433505322
0.002150386575923
0.002364960223951
0.002352640463117
0.002877631215845
0.002991633174578
0.001638020858574
-0.000189257716325
-0.001967042488388
-0.002463319893385
-0.002060460774130
-0.001616857162587
-0.000821450444258
0.003770491724874
0.007599379771417
0.005768865208274
0.001808072758998
-0.000969505177211
-0.002747302752106
-0.003665502309355
-0.002562821998051
-0.000725602328669
0.001713814412344
0.002763077304950
0.001008277014602
0.000644931646905
0.000665552192208
0.000750723987290
0.000866137102428
0.001006327874247
0.001182435672483
0.001431027743974
0.001809827839800
0.002349713230307
0.002889541190531
0.003028173369965
0.002421477454453
0.001134725537740
-0.000501120472497
-0.002308804978002
-0.004237574999637
-0.005877047557453
-0.006413201155989
-0.005612529033689
-0.004751432181527
-0.005678618607577
-0.008718749646834
-0.012271897854665
-0.014492834174329
-0.014579840546010
-0.013005243948990
-0.011049814205522
-0.009920382749757
-0.009968093282498
-0.010262226663567
-0.008905499491386
-0.004817195319960
-0.001143818583438
-0.001465586640416
-0.002327722790923
-0.001231595759045
0.000365152624814
0.000970264796856
0.000612241217216
-0.000088379895932
-0.000573184000570
0.001724442836211
-0.007176989711593
-0.006605539796552
-0.005962705765918
-0.004889160490873
-0.003257798543915
-0.001030800567318
0.001193154021337
0.002943263583626
0.003934508511627
0.003652196013379
0.002329565689267
-0.000031057014563
-0.002815943417302
-0.004824807414585
-0.005241482315074
-0.004575328514774
-0.004594184751461
-0.002210942806102
0.004415379577890
0.007442182029802
0.005913145028753
0.001796054469949
-0.001978040891929
-0.003749986779192
-0.003162211776945
-0.001118987910260
0.001754390522474
0.005108992021110
0.005892338810574
0.001772354462000
-0.001040981327586
-0.000170543659687
-0.000794886603315
-0.003337707103678
-0.002395877703696
0.001094439720341
0.002454598248076
0.002571147368405
0.002917886081944
0.001136669275402
-0.002126925596589
-0.002812892445585
-0.000315944601402
-0.000309596091655
-0.000302756344391
-0.000296051499679
-0.000290179715096
-0.000285844868643
-0.000282749792494
-0.000277240678974
-0.000263982724691
-0.000238550114290
-0.000197694415175
-0.000142495838457
-0.000077636700870
-0.000010279376600
0.000053596228107
0.000107777111863
0.000149803773122
0.000182242106089
0.000204545627619
0.000210581840237
0.000202015092092
0.000186746657364
0.000169898197400
0.000155075248531
0.000139384419695
0.000121603037530
0.000104336582803
0.000090622305209
0.000081139323037
0.000074406040922
0.000067973800309
0.000059873171872
0.000050536506846
0.000041493668111
0.000033559985177
0.000026716256368
0.000020757088271
0.000015729026486
0.000011480204217
0.000007774600089
0.000004449963281
0.000001337365813
-0.010081041507821
-0.010197043023568
-0.010427755755273
-0.010806784741338
-0.011234418563243
-0.012212938304666
-0.014519919633296
-0.018562372026169
-0.023132156706178
-0.026847987133471
-0.029489410736209
-0.031037137310967
-0.031762369528735
-0.031725252031790
-0.031018713661588
-0.029792262799242
-0.027433580628325
-0.022784703161958
-0.015802099911027
-0.009070281228359
-0.001628994562386
0.004787562580862
0.008306397778842
0.009472211515361
0.009744918224885
0.009710408075353
0.009150150500771
0.007526744757023
0.005582683105024
0.005261611420100
0.005951226201842
0.004852208244013
0.000962059415613
-0.003318215019433
-0.005492195352457
0.000000000000000
0.000000000000000
-0.001838911281412
-0.003353699154768
-0.000871863589261
-0.000092188631923
-0.000879918839924
0.000008177063355
0.000011361119673
0.000056632418393
0.000175772289061
0.000317241741348
-0.000080157758891
-0.001926658703250
-0.005634797410043
-0.008955387059847
-0.007705281522816
-0.000441663849009
0.006231395639854
0.007406442960337
0.006203883401841
0.007180472020129
0.010239018723640
0.012319859020124
0.011496861060517
0.004954326867102
0.012402126789588
0.019279325074560
0.016114732336247
0.008230422909183
0.002186604361718
-0.000279878485273
-0.003000904059555
-0.000543155808054
-0.000000000000414
-0.000000000000003
0.000000000000000
0.000000000000000
0.000000000000000
0.000000000000000
0.000000000000000
0.000000000000000
0.000000000000000
0.000000000000000
0.000000000000000
0.000000000000000
0.000000000000000
0.000000000000000
0.000000000000000
0.001644957736861
0.001458663983509
0.001304199397919
0.001197549390440
0.001152728019226
0.001193415630009
0.001363862663222
0.001720453670670
0.002362676536862
0.003428210343352
0.004944563523926
0.006680159239233
0.008391296191009
0.009985257651908
0.011107374181731
0.011040675696746
0.008975325130878
0.003720324858281
-0.002468906280920
-0.000270160828513
0.001754396102554
0.001135174931067
0.000510053634999
0.000176529775185
-0.000065419286933
-0.000011130356820
-0.000001062033053
-0.000000021609545
0.000000000000000
0.000000000000000
0.000000000000000
0.000000000000000
0.000000000000000
0.000000000000000
0.000000000000000
0.000000000000000
0.000000000000000
0.000000000000000
0.000000000000000
0.000000000000000
0.000000000000000
0.000000000000000
0.000000000000000
0.000000000000000
0.000000000000000
0.000000000000000
0.000000000000000
0.000000000000000
0.000000000000000
0.000000000000000
0.000000000000000
0.000000000000000
0.000000000000000
0.000000000000000
0.000000000000000
0.000000000000000
0.000000000000000
0.000000000000000
0.000000000000000
0.000000012011363
0.000013140395785
0.000304626795433
0.000551074159907
0.000290867150956
0.000091541711427
0.001382661633286
0.012822944039784
0.022511950150010
-0.005195464201705
0.009211864027320
0.017204237851887
0.016360879916765
0.010016437023284
0.004744212607285
0.001686718138413
0.000220991980830
0.000000111137857
-0.000000536286212
0.000000000067246
0.000000000000000
0.000000000000000
0.000000000000000
0.000000000000000
0.000000000000000
0.000000000000000
0.000000000000000
0.000000000000000
0.000000000000000
0.000000000000000
0.000000000000000
0.000000000000000
0.000000000000000
0.000000000000000
0.000000000000000
0.000000000000000
0.000000000000000
0.000000000000000
0.000000002119518
0.000000430218842
0.000029338751363
0.000512870922065
0.003863784136045
0.029299093393538
0.037939729643072
0.042354781026820
0.044386756907538
0.044790322911397
0.045469362354986
0.048213009423886
0.052901495249157
0.055738322793932
0.053835493005536
0.044344131707055
0.026773247989370
0.009329519634302
0.001649960143310
0.000553329043498
0.000151477723370
0.000002712085068
0.000000022034588
0.000000002994184
0.000000000562262
0.000000000015384
0.000000000000060
0.000000000000000
0.000000000000000
0.000024865412474
0.000022982544640
0.000022693269612
0.000022820805670
0.000022308484707
0.000021446212916
0.000020618386983
0.000020117225164
0.000023084723819
0.000038602758528
0.000077155692115
0.000160810427359
0.000334949970977
0.000683464625876
0.001328462158129
0.002431477526473
0.003928137092253
0.005207883374471
0.007155427361111
0.000599507940386
-0.001673564906027
0.000029307223670
0.003098010515373
0.007748491139768
0.013402877242575
0.017377326836329
0.020214366720319
0.020319032677113
0.017742504810312
0.013372461899709
0.008503959909776
0.004308743291956
0.001442281422931
0.000156367687258
0.000000736700673
0.000000010676102
0.000000000684884
0.000000000062184
0.000000000000000
0.000000000000000
0.000000000000000
0.000000000000000
