7.7131
7.9673
8.0445
8.1051
8.2103
8.4157
8.6933
8.8997
8.9541
8.9392
8.9223
8.9082
8.8821
8.8069
8.6235
8.3245
7.907
7.3913
6.8906
6.5083
6.2381
6.0009
5.7937
5.692
5.7789
6.1658
7.001
7.8112
8.064
7.6799
7.1615
7.0837
8.4396
10.597
12.648
14.57
16.481
18.423
20.71
23.307
25.642
28.136
1.1389e-07
-0.0011478
-0.0026721
-0.0046176
-0.0069644
-0.0095644
-0.01192
-0.013071
-0.012173
-0.0095669
-0.0065383
-0.0041628
-0.0029089
-0.0027679
-0.0034258
-0.0044781
-0.0055965
-0.0066828
-0.0077981
-0.0089776
-0.010164
-0.011407
-0.013382
-0.016862
-0.02142
-0.025996
-0.0286
-0.026532
-0.01733
-0.0029063
0.0095325
0.014028
0.010895
0.0053619
0.0019721
0.00039761
-0.0013899
-0.0029868
-0.0028448
-0.00020285
0.0032287
0.0032887
-0.0030467
301.43
300.68
299.85
298.92
297.91
296.87
295.89
295
294.06
292.95
291.64
290.14
288.41
286.44
284.2
281.65
278.79
275.69
272.44
269.05
265.39
261.32
256.7
251.42
245.46
238.88
231.79
224.37
216.86
209.6
203.18
198.69
197.28
198.96
202.41
206.32
210.1
213.36
216.29
219.39
222.82
226.29
1.0024e+05
99374
98374
97231
95925
94441
92762
90873
88759
86407
83807
80957
77856
74512
70943
67171
63228
59153
54991
50791
46604
42482
38470
34610
30938
27481
24259
21284
18560
16087
13857
11860
10081
8504.1
7114.4
5894.2
4826.1
3894.3
3083.9
2380.5
1770.8
1243.8
0.018593
0.018218
0.01801
0.01779
0.017448
0.016821
0.015747
0.014346
0.013055
0.012004
0.011071
0.010165
0.0092532
0.0083386
0.007439
0.0065882
0.0058253
0.0051119
0.0043258
0.0034261
0.002541
0.0017768
0.0011715
0.00074081
0.00045889
0.00027504
0.00015301
7.7845e-05
3.7918e-05
1.8386e-05
9.2027e-06
5.4274e-06
4.0774e-06
3.1768e-06
2.0288e-06
1.5074e-06
2.3397e-06
4.1118e-06
5.4014e-06
5.0713e-06
4.1758e-06
3.4756e-06
2.5251e-10
6.9515e-10
5.4699e-09
9.9855e-09
5.7036e-08
1.8184e-07
1.5496e-07
2.6052e-08
3.1825e-09
1.1819e-09
6.4359e-10
4.1737e-10
3.8308e-10
5.3815e-10
9.2525e-10
7.1863e-10
1.104e-09
1.9287e-09
3.7629e-09
4.4572e-09
3.0152e-09
1.8293e-09
9.7001e-10
1.2468e-10
0
0
0
0
0
0
0
0
0
0
0
0
0
0
0
0
0
0
3.536e-08
3.3592e-08
3.271e-08
3.253e-08
3.2748e-08
3.2959e-08
3.2678e-08
3.1648e-08
3.0192e-08
2.83e-08
2.6295e-08
2.4446e-08
2.2861e-08
2.1612e-08
2.0488e-08
1.9101e-08
1.6947e-08
1.1841e-08
4.0558e-09
2.887e-09
1.4941e-09
2.7341e-10
7.4505e-11
2.7295e-11
1.7821e-12
0
0
0
0
0
0
0
0
0
0
0
0
0
0
0
0
0
0
0
0
0
0
0
0
0
0
0
0
0
0
0
0
0
0
2.7727e-15
1.9546e-12
1.9642e-11
4.6912e-11
1.0526e-10
2.0261e-10
4.9468e-10
5.9577e-10
3.583e-10
8.5802e-10
7.0664e-09
7.8415e-08
2.946e-07
3.314e-07
1.5778e-07
3.3496e-08
2.3232e-09
5.4034e-13
0
0
0
0
0
0
0
0
0
0
0
0
0
0
0
0
0
0
0
0
0
1.2688e-13
1.2545e-11
5.2258e-10
1.7821e-08
2.032e-07
3.036e-07
4.0288e-07
5.2275e-07
6.5401e-07
8.0955e-07
1.0142e-06
1.2977e-06
1.5186e-06
1.613e-06
1.5484e-06
1.2326e-06
7.2457e-07
2.594e-07
4.6767e-08
3.3696e-09
6.55e-11
2.3983e-13
8.8303e-16
7.2185e-18
0
0
0
0
0
0
0
0
0
0
0
0
0
0
0
0
0
0
8.1083e-14
1.7834e-12
2.6913e-11
4.1783e-10
4.5855e-09
5.1074e-09
5.2837e-09
5.5851e-09
6.2392e-09
8.8641e-09
1.3865e-08
1.9714e-08
2.4843e-08
2.7696e-08
2.5985e-08
1.9453e-08
1.0807e-08
4.0729e-09
8.5005e-10
7.4833e-11
1.6704e-12
2.3169e-17
0
0
0
0
0
0
