0.32874,0.4049,0.39242,0.47851,0.41845,0.35158,0.48903,-0.3619,-0.2461,-0.42482,-0.42463,-0.43178,-0.42928
0.34708,0.42701,0.41367,0.50399,0.4408,0.36929,0.51388,-0.38374,-0.26274,-0.45051,-0.45031,-0.45837,-0.45549
0.35717,0.43705,0.42519,0.51542,0.45104,0.37825,0.52441,-0.39739,-0.27529,-0.46478,-0.46458,-0.47211,-0.46959
0.36301,0.44172,0.43215,0.52098,0.45666,0.38287,0.52902,-0.41026,-0.28876,-0.47784,-0.47764,-0.48408,-0.48228
0.36592,0.44316,0.43597,0.52305,0.45959,0.38429,0.52999,-0.42296,-0.30308,-0.49057,-0.49037,-0.49571,-0.49464
0.36466,0.44045,0.43458,0.52001,0.45772,0.38016,0.52526,-0.43241,-0.31536,-0.50035,-0.50017,-0.50503,-0.50442
0.3596,0.43371,0.42776,0.51145,0.45015,0.36998,0.51391,-0.43509,-0.32199,-0.50306,-0.50289,-0.50834,-0.50762
0.35412,0.42564,0.41951,0.50049,0.43979,0.35816,0.49947,-0.43345,-0.32512,-0.50041,-0.50024,-0.50667,-0.50554
0.35021,0.41826,0.41307,0.49022,0.43067,0.34885,0.48601,-0.43137,-0.32785,-0.49685,-0.49669,-0.50383,-0.50236
0.34497,0.4091,0.40535,0.47805,0.4207,0.3394,0.47128,-0.42747,-0.32881,-0.49138,-0.49123,-0.49893,-0.49713
0.33627,0.39618,0.39401,0.46187,0.40764,0.32801,0.45355,-0.42106,-0.32756,-0.48375,-0.48361,-0.49151,-0.48959
0.32477,0.3803,0.38023,0.44299,0.39219,0.31569,0.43421,-0.41442,-0.32645,-0.47655,-0.47641,-0.48359,-0.48227
0.31201,0.36307,0.36572,0.42322,0.37534,0.30279,0.41419,-0.40884,-0.32693,-0.47021,-0.47008,-0.47585,-0.47566
0.29917,0.34578,0.3517,0.40392,0.35927,0.29005,0.39446,-0.4036,-0.32775,-0.46417,-0.46405,-0.46828,-0.46935
0.28705,0.32955,0.33961,0.38687,0.34775,0.2795,0.37732,-0.39983,-0.32911,-0.46121,-0.46109,-0.46416,-0.46635
0.27587,0.3145,0.33021,0.37264,0.34233,0.27219,0.36357,-0.39922,-0.33285,-0.46327,-0.46315,-0.46601,-0.46879
0.26711,0.302,0.32501,0.36256,0.34406,0.26925,0.35428,-0.40348,-0.34077,-0.47184,-0.47173,-0.47468,-0.47789
0.26154,0.29344,0.3235,0.35705,0.35025,0.26955,0.34948,-0.411,-0.35088,-0.48515,-0.48505,-0.48771,-0.49164
0.25537,0.28566,0.31858,0.35002,0.35002,0.26562,0.34227,-0.41125,-0.35316,-0.49085,-0.49076,-0.49365,-0.49796
0.24593,0.27566,0.30694,0.33777,0.3378,0.25383,0.32876,-0.39975,-0.34416,-0.47912,-0.47905,-0.48297,-0.48668
0.23354,0.26283,0.29033,0.32091,0.31615,0.23745,0.31103,-0.38139,-0.32898,-0.45519,-0.45512,-0.45944,-0.46261
0.2206,0.2486,0.27259,0.30195,0.29094,0.2213,0.29192,-0.35762,-0.30902,-0.42272,-0.42266,-0.42704,-0.42969
0.2066,0.23132,0.25192,0.27784,0.25943,0.2027,0.26738,-0.3314,-0.28978,-0.38377,-0.38373,-0.38751,-0.38967
0.19019,0.21058,0.22865,0.24987,0.2268,0.18239,0.23924,-0.30389,-0.27032,-0.34185,-0.34183,-0.34357,-0.34573
0.17257,0.1888,0.20561,0.2224,0.19725,0.16558,0.214,-0.27122,-0.24342,-0.29424,-0.29422,-0.29443,-0.29579
0.14692,0.15825,0.17109,0.18307,0.15154,0.14022,0.17857,-0.22897,-0.20958,-0.2347,-0.2347,-0.23169,-0.23291
0.1068,0.11183,0.11457,0.12075,0.077645,0.092926,0.11865,-0.17313,-0.16931,-0.16006,-0.16011,-0.15342,-0.1549
0.072627,0.073218,0.065701,0.068379,0.014369,0.052115,0.069421,-0.1364,-0.14637,-0.1166,-0.11671,-0.1071,-0.11005
0.058315,0.058985,0.051176,0.054345,0.0050618,0.043606,0.060103,-0.1406,-0.15248,-0.13962,-0.13975,-0.13361,-0.137
0.06,0.063907,0.060005,0.066231,0.030748,0.047051,0.069201,-0.15995,-0.16707,-0.18131,-0.18145,-0.19553,-0.18931
0.054492,0.063498,0.052849,0.064522,0.037848,0.020965,0.051827,-0.13674,-0.14026,-0.15761,-0.15771,-0.19764,-0.17552
0.027403,0.032387,0.022399,0.028387,0.018309,-0.016034,0.0046488,-0.065814,-0.070515,-0.065999,-0.066018,-0.10334,-0.08069
-0.0021471,-0.0071012,-0.0097597,-0.016598,-0.015749,-0.033385,-0.037565,0.016671,0.0073895,0.036708,0.036738,0.013823,0.030201
0.0074316,0.00086943,0.0076882,-0.0024495,0.0004322,-0.0028623,-0.014966,0.016964,0.013027,0.036317,0.036372,0.023893,0.034706
-3.5645e-05,-0.0052712,0.0042248,-0.0042425,0.0062525,0.007515,-0.006864,0.025769,0.026128,0.035198,0.035247,0.03513,0.03719
-0.0097347,-0.014507,-0.0050861,-0.012272,0.0021328,0.0035249,-0.010776,0.038314,0.039626,0.046882,0.046927,0.05223,0.050715
-0.012804,-0.016591,-0.012619,-0.017751,-0.009165,-0.0082617,-0.018824,0.04867,0.049194,0.063264,0.063301,0.063415,0.065845
-0.01204,-0.014254,-0.012476,-0.015736,-0.0045792,-0.013048,-0.020955,0.057942,0.061085,0.070241,0.070292,0.05936,0.068653
-0.0054898,-0.0067179,-0.0034326,-0.0060203,0.012677,-0.0087709,-0.015003,0.049757,0.055077,0.055586,0.055651,0.035474,0.049761
-0.0031103,-0.002287,0.0015246,0.00073525,0.025051,-0.0062497,-0.0098585,0.041318,0.048075,0.045912,0.045995,0.023384,0.038872
-0.025245,-0.025045,-0.027144,-0.028832,-0.010505,-0.031906,-0.039294,0.065257,0.064172,0.079814,0.079877,0.058716,0.073881
-0.048629,-0.056321,-0.056392,-0.068346,-0.050964,-0.060417,-0.082931,0.097423,0.085081,0.12352,0.12357,0.095791,0.11626
0.00048859,0.00028942,-2.7031e-05,-9.5315e-05,1.3105e-05,-0.00096802,-0.00078612,0.00067984,0.00045865,0.001171,0.0011744,0.00069317,0.0009988
-0.10712,-0.10926,-0.050074,-0.061079,0.028885,0.025687,-0.011392,0.056067,0.066784,0.018878,0.01891,0.0068423,0.0123
-0.098806,-0.10116,-0.041006,-0.052481,0.037676,0.035577,-0.0025622,0.055837,0.06822,0.018149,0.018185,0.0060835,0.011632
-0.086992,-0.089663,-0.028297,-0.040414,0.049482,0.048881,0.0095311,0.054758,0.06921,0.01678,0.016819,0.0047734,0.0104
-0.071033,-0.074048,-0.011553,-0.024385,0.064476,0.065807,0.025203,0.052826,0.069764,0.014788,0.014831,0.0029946,0.0086493
-0.050053,-0.053448,0.009715,-0.0038912,0.08268,0.086443,0.044619,0.049927,0.069653,0.012211,0.012257,0.0008274,0.0064379
-0.023403,-0.027241,0.035556,0.021143,0.10353,0.11008,0.067245,0.045934,0.06844,0.0091985,0.0092477,-0.0015665,0.0039214
0.0089812,0.0045885,0.064994,0.049806,0.12528,0.13425,0.091018,0.040707,0.065351,0.0060061,0.0060558,-0.0039773,0.0013242
0.046671,0.041578,0.09627,0.080466,0.14548,0.15523,0.11281,0.034149,0.059603,0.0028176,0.0028646,-0.0062784,-0.001211
0.089034,0.083134,0.12723,0.11121,0.16159,0.1693,0.12952,0.026293,0.050991,-0.00045202,-0.00041013,-0.0086293,-0.0038103
0.13505,0.12838,0.15535,0.13989,0.17108,0.17421,0.1393,0.017358,0.040159,-0.0041792,-0.0041431,-0.011434,-0.0068674
0.18264,0.17547,0.17806,0.1643,0.17228,0.17047,0.14246,0.0075341,0.028111,-0.0089039,-0.0088726,-0.015229,-0.010919
0.22913,0.22199,0.19404,0.18334,0.16536,0.16118,0.1415,-0.0033466,0.015354,-0.015165,-0.015137,-0.020558,-0.016506
0.27207,0.26567,0.20386,0.19751,0.15204,0.14986,0.1394,-0.015707,0.0016977,-0.023258,-0.023231,-0.02776,-0.023945
0.31011,0.3052,0.20929,0.20839,0.13417,0.1383,0.13781,-0.029745,-0.013198,-0.032982,-0.032956,-0.036765,-0.033115
0.34311,0.34039,0.21266,0.21798,0.11341,0.12679,0.13719,-0.045261,-0.029385,-0.043715,-0.04369,-0.047234,-0.043563
0.37142,0.37133,0.21642,0.22828,0.09199,0.11567,0.13805,-0.062466,-0.047273,-0.055103,-0.055079,-0.059056,-0.055059
0.39467,0.39738,0.22258,0.24071,0.073168,0.10661,0.14195,-0.083085,-0.068644,-0.067947,-0.067927,-0.072705,-0.068169
0.41082,0.41619,0.23114,0.25466,0.059509,0.10101,0.14983,-0.1098,-0.096198,-0.084117,-0.084099,-0.089129,-0.084163
0.41452,0.42222,0.2377,0.26533,0.050079,0.096404,0.1585,-0.14322,-0.1308,-0.1047,-0.10469,-0.10868,-0.10371
0.40151,0.4109,0.23727,0.26747,0.042061,0.088328,0.16273,-0.1811,-0.17066,-0.12917,-0.12916,-0.13081,-0.12643
0.37504,0.3853,0.23008,0.26132,0.034559,0.075329,0.16069,-0.22096,-0.21345,-0.15662,-0.15662,-0.15509,-0.15196
0.34283,0.35328,0.2189,0.25018,0.027403,0.058411,0.15363,-0.26074,-0.25671,-0.18657,-0.18657,-0.18243,-0.18071
0.31101,0.32133,0.20636,0.23728,0.021284,0.040613,0.14443,-0.29749,-0.2966,-0.21762,-0.21763,-0.214,-0.21232
0.28273,0.29271,0.1941,0.22437,0.016705,0.02417,0.13454,-0.32571,-0.32727,-0.24454,-0.24456,-0.24705,-0.24206
0.25721,0.26672,0.18075,0.2101,0.011855,0.009084,0.12309,-0.33921,-0.34258,-0.25969,-0.25972,-0.27358,-0.26154
0.23336,0.24231,0.16512,0.19333,0.0048259,-0.0053288,0.10907,-0.33582,-0.34072,-0.25834,-0.25838,-0.28491,-0.26432
0.21028,0.21856,0.14681,0.17359,-0.0049439,-0.019287,0.092184,-0.31637,-0.32275,-0.23978,-0.23982,-0.27555,-0.24816
0.18715,0.1946,0.12554,0.15062,-0.017585,-0.033011,0.072282,-0.28139,-0.28911,-0.20454,-0.20458,-0.24306,-0.21292
0.16102,0.1675,0.099115,0.12218,-0.033526,-0.046771,0.048283,-0.22796,-0.23643,-0.15243,-0.15246,-0.18624,-0.15857
0.12436,0.12967,0.063475,0.08369,-0.050495,-0.057692,0.019814,-0.15138,-0.15902,-0.085797,-0.085813,-0.10757,-0.088274
0.067268,0.071075,0.017597,0.032577,-0.058178,-0.055494,-0.0082982,-0.052729,-0.056892,-0.014483,-0.014482,-0.018717,-0.013168
-0.0038776,-0.0019908,-0.023634,-0.017478,-0.039567,-0.028222,-0.021999,0.036565,0.037468,0.034835,0.034849,0.046371,0.038291
-0.041305,-0.041029,-0.030288,-0.031952,-0.0051472,0.0037896,-0.013439,0.05095,0.053057,0.032255,0.032265,0.045343,0.035127
-0.026064,-0.026168,-0.012007,-0.014342,0.0045095,0.0054381,-0.0029925,0.010991,0.010351,0.0078388,0.0078364,0.012538,0.0093264
-0.0017933,-0.0014986,0.002524,0.002655,-0.0011485,-0.0021486,0.0023081,-0.014871,-0.016376,-0.0061541,-0.0061623,-0.0064122,-0.0054165
0.011347,0.012028,0.010126,0.011572,-0.0018551,0.00047778,0.0081089,-0.022245,-0.022779,-0.015088,-0.015095,-0.016056,-0.014896
0.013388,0.013984,0.011806,0.012937,0.00081534,0.0061751,0.010964,-0.019911,-0.019825,-0.017932,-0.017937,-0.01863,-0.018228
0.0067938,0.0068271,0.0067229,0.0067305,0.00087886,0.0066646,0.0071699,-0.0093146,-0.0092416,-0.010408,-0.010414,-0.010365,-0.010672
-0.0016601,-0.0022772,-0.0013071,-0.0022711,-0.0031037,0.0010308,-0.00093048,0.00088619,0.00021107,0.0003878,0.00038224,0.0015594,0.00072841
-0.0079018,-0.0089509,-0.0081726,-0.0096823,-0.0087748,-0.0065213,-0.0089753,0.0047115,0.0026883,0.0070078,0.0070036,0.0091246,0.0080957
-0.01021,-0.011287,-0.010825,-0.012352,-0.010631,-0.010393,-0.01245,0.0044685,0.001831,0.0086315,0.00863,0.010773,0.010048
-0.0044167,-0.0056521,-0.0046929,-0.0062919,0.0027064,-0.0036496,-0.0076221,0.016195,0.01614,0.013851,0.013861,0.012582,0.013349
-0.39074,-0.39475,-0.45762,-0.45882,-0.4166,-0.40801,-0.45335,0.38846,0.3169,0.38582,0.38566,0.34168,0.3641
-0.37425,-0.38038,-0.44437,-0.44728,-0.41393,-0.40117,-0.44554,0.38121,0.30944,0.38461,0.38445,0.34087,0.36346
-0.34575,-0.35362,-0.41712,-0.42144,-0.39852,-0.38201,-0.42348,0.35869,0.28862,0.36722,0.36707,0.32498,0.34703
-0.30988,-0.31905,-0.38048,-0.38596,-0.37375,-0.35512,-0.39181,0.3183,0.2504,0.3297,0.32954,0.29062,0.3109
-0.26186,-0.27148,-0.32879,-0.33484,-0.33345,-0.31597,-0.34493,0.25253,0.18738,0.26486,0.2647,0.23089,0.24814
-0.20336,-0.21221,-0.26359,-0.26925,-0.27682,-0.26468,-0.28355,0.16583,0.10389,0.17649,0.17632,0.14861,0.16218
-0.15893,-0.16614,-0.21534,-0.21956,-0.23409,-0.22765,-0.23793,0.09992,0.039079,0.109,0.10881,0.08418,0.095834
-0.14937,-0.15517,-0.21352,-0.21558,-0.24273,-0.23621,-0.24098,0.08466,0.017221,0.098847,0.098617,0.071419,0.084502
-0.15576,-0.16096,-0.23309,-0.23347,-0.27707,-0.26583,-0.26748,0.09578,0.018642,0.11794,0.11766,0.085602,0.10127
-0.15901,-0.16428,-0.24559,-0.24555,-0.30006,-0.2863,-0.28701,0.10976,0.02709,0.13661,0.13631,0.099869,0.11763
-0.15505,-0.16049,-0.24586,-0.24607,-0.30539,-0.29232,-0.29314,0.1198,0.037144,0.14723,0.14693,0.10715,0.12633
-0.1437,-0.14886,-0.23434,-0.23467,-0.29318,-0.28319,-0.28432,0.12371,0.046344,0.1486,0.14833,0.10614,0.12639
-0.12381,-0.12763,-0.20808,-0.20782,-0.25865,-0.25475,-0.25588,0.12067,0.054094,0.14074,0.1405,0.096886,0.11801
-0.097029,-0.098293,-0.1685,-0.16676,-0.20291,-0.21079,-0.21105,0.11299,0.061668,0.12729,0.12712,0.082984,0.10501
-0.06574,-0.064047,-0.12123,-0.11771,-0.13466,-0.15828,-0.1577,0.10414,0.070299,0.11122,0.11112,0.066908,0.08994
-0.033857,-0.030103,-0.080183,-0.0751,-0.075911,-0.11325,-0.11324,0.10765,0.089623,0.10573,0.1057,0.059942,0.084746
-0.0078012,-0.0038058,-0.066759,-0.059922,-0.061558,-0.11,-0.11094,0.15258,0.14211,0.14668,0.14667,0.089262,0.12176
0.03292,0.037404,-0.03025,-0.021604,-0.037306,-0.091883,-0.086255,0.15639,0.15097,0.16059,0.16061,0.094993,0.13432
0.11193,0.12065,0.080033,0.092053,0.065284,0.010188,0.034596,0.02911,0.037905,0.048641,0.04869,-0.0015676,0.031919
0.15388,0.16724,0.14642,0.16242,0.13444,0.080996,0.11816,-0.072676,-0.052645,-0.05129,-0.051222,-0.084555,-0.059712
0.18011,0.19527,0.18797,0.20491,0.17111,0.1231,0.16766,-0.14712,-0.12421,-0.11716,-0.1171,-0.13674,-0.11884
0.20147,0.21555,0.22059,0.2353,0.19553,0.15343,0.20133,-0.21453,-0.19352,-0.1751,-0.17505,-0.18117,-0.17051
0.22562,0.23965,0.25773,0.27138,0.23227,0.18733,0.24019,-0.28517,-0.26214,-0.24475,-0.24471,-0.23695,-0.23498
0.25485,0.27394,0.30685,0.32544,0.30038,0.23346,0.29891,-0.35963,-0.32265,-0.33749,-0.3374,-0.32161,-0.32706
0.27717,0.30399,0.34834,0.3755,0.37106,0.27604,0.35577,-0.41174,-0.35491,-0.42346,-0.42333,-0.4148,-0.4195
0.28837,0.32024,0.36594,0.39933,0.40251,0.29323,0.38233,-0.43264,-0.36505,-0.46929,-0.46914,-0.47813,-0.47415
0.28876,0.32157,0.35633,0.39192,0.37989,0.27791,0.37081,-0.4288,-0.36555,-0.46745,-0.46733,-0.49596,-0.47972
0.27269,0.3018,0.31541,0.34821,0.30195,0.22936,0.31765,-0.39272,-0.34862,-0.41113,-0.4111,-0.45538,-0.42743
0.22211,0.2441,0.23161,0.25782,0.18056,0.14989,0.22096,-0.2919,-0.27219,-0.28087,-0.28092,-0.3277,-0.29509
0.10368,0.11559,0.083849,0.10018,0.024623,0.046929,0.081617,-0.10113,-0.09912,-0.081512,-0.081596,-0.096921,-0.083528
-0.013657,-0.01072,-0.030185,-0.023974,-0.062103,-0.0038576,-0.0033132,0.027516,0.026966,0.024617,0.024542,0.059251,0.037774
-0.058852,-0.058615,-0.063474,-0.060415,-0.084916,-0.010831,-0.018015,0.031474,0.028152,0.019943,0.019844,0.074423,0.038588
-0.03594,-0.03464,-0.037595,-0.033464,-0.070622,-0.0072529,-0.0018906,-0.041053,-0.051194,-0.038921,-0.039035,-0.00045343,-0.025274
0.007208,0.0097121,-0.0051067,0.0015688,-0.047198,-0.012271,0.0073241,-0.07369,-0.085106,-0.061868,-0.061969,-0.053054,-0.058795
0.039878,0.04526,0.029266,0.03919,0.0048441,0.0075831,0.033483,-0.087649,-0.088999,-0.098041,-0.098105,-0.10564,-0.10379
0.067184,0.07445,0.071535,0.081733,0.064102,0.057371,0.081978,-0.12266,-0.11323,-0.15492,-0.15496,-0.15588,-0.16003
0.070392,0.079073,0.083092,0.093764,0.083348,0.078765,0.10046,-0.11974,-0.10538,-0.15492,-0.15496,-0.14542,-0.15562
0.044127,0.05171,0.055308,0.064667,0.059579,0.060129,0.074583,-0.069071,-0.056329,-0.096173,-0.096222,-0.08313,-0.093844
0.01451,0.019284,0.017083,0.023946,0.019188,0.023685,0.031876,-0.019846,-0.013153,-0.03454,-0.034587,-0.023565,-0.031422
-0.00052859,0.003341,-0.0056972,0.00086324,-0.0070489,-0.003848,0.0038317,0.0073589,0.010135,0.0033758,0.0033452,0.008696,0.0049725
1.0132e-05,0.0033688,-0.0072255,-0.0014254,-0.01332,-0.0084685,-0.0011583,0.01395,0.016284,0.015783,0.015776,0.019883,0.016991
0.050921,0.061111,0.054698,0.067545,0.04346,0.04111,0.065495,-0.060893,-0.049226,-0.061106,-0.061109,-0.063292,-0.06172
-0.020326,-0.022809,0.0044539,0.0013969,0.035265,0.034649,0.02963,-0.019681,-0.0014312,-0.043722,-0.043643,-0.025052,-0.037855
-0.02015,-0.022602,0.0044183,0.0013973,0.034983,0.034334,0.029372,-0.019472,-0.0013659,-0.043296,-0.043218,-0.024805,-0.037484
-0.01992,-0.022332,0.0044142,0.0014406,0.034707,0.034009,0.02912,-0.019276,-0.0013243,-0.042864,-0.042786,-0.024576,-0.037114
-0.019639,-0.022001,0.0044356,0.00152,0.034423,0.033661,0.028865,-0.019078,-0.0012963,-0.042405,-0.042328,-0.024348,-0.036728
-0.019305,-0.021607,0.0044791,0.0016335,0.034125,0.033286,0.028601,-0.01888,-0.0012854,-0.041918,-0.041842,-0.024125,-0.036323
-0.018927,-0.02116,0.0045274,0.0017618,0.033787,0.032858,0.028303,-0.018678,-0.0012999,-0.041394,-0.041319,-0.023902,-0.035894
-0.018543,-0.020707,0.0045152,0.0018336,0.033318,0.032304,0.027889,-0.018454,-0.0013476,-0.040802,-0.040728,-0.023652,-0.035411
-0.018199,-0.020301,0.0043574,0.001757,0.032586,0.031522,0.027253,-0.018168,-0.0014256,-0.040079,-0.040007,-0.023315,-0.034814
-0.017942,-0.019997,0.0039731,0.0014476,0.031468,0.030425,0.026299,-0.017764,-0.0015067,-0.039141,-0.039071,-0.022814,-0.03402
-0.017754,-0.019775,0.0033686,0.0009102,0.029931,0.02901,0.025022,-0.01721,-0.0015688,-0.03793,-0.037862,-0.022103,-0.032975
-0.01761,-0.01961,0.0025812,0.00018261,0.028009,0.027327,0.02347,-0.016515,-0.001611,-0.036444,-0.03638,-0.021179,-0.031676
-0.017466,-0.019452,0.0016856,-0.00065632,0.025804,0.025463,0.021733,-0.015725,-0.0016524,-0.034758,-0.034697,-0.020097,-0.03019
-0.017269,-0.019238,0.00078693,-0.0014991,0.023491,0.023541,0.019936,-0.014911,-0.001721,-0.032989,-0.032932,-0.018959,-0.028628
-0.016958,-0.018907,-1.0742e-05,-0.0022419,0.021232,0.021676,0.018193,-0.014112,-0.0018168,-0.031212,-0.031159,-0.017833,-0.027065
-0.016497,-0.018421,-0.00064733,-0.002826,0.019117,0.019928,0.016563,-0.013338,-0.0019329,-0.029444,-0.029395,-0.016727,-0.025514
-0.015881,-0.017777,-0.0011202,-0.0032502,0.017157,0.018294,0.015042,-0.012563,-0.0020385,-0.027651,-0.027605,-0.015621,-0.023943
-0.015135,-0.016995,-0.0014577,-0.0035358,0.015338,0.016742,0.013606,-0.011752,-0.002095,-0.025777,-0.025735,-0.014467,-0.022297
-0.014296,-0.016102,-0.0016996,-0.0037115,0.013629,0.015234,0.012231,-0.010874,-0.0020673,-0.023782,-0.023744,-0.013227,-0.020536
-0.01346,-0.015203,-0.0019618,-0.0038991,0.011928,0.01368,0.010803,-0.0097918,-0.0018258,-0.021523,-0.021488,-0.011752,-0.018511
-0.012727,-0.014409,-0.0023209,-0.0041899,0.010222,0.01206,0.0092693,-0.0084097,-0.0012647,-0.018937,-0.018905,-0.009961,-0.016153
-0.012043,-0.013662,-0.0026924,-0.0044957,0.0086079,0.010471,0.0077422,-0.006905,-0.00054381,-0.016255,-0.016226,-0.008073,-0.013694
-0.011385,-0.01294,-0.0030581,-0.0047956,0.0070662,0.0089274,0.0062539,-0.0054167,0.00018965,-0.013637,-0.013611,-0.0062385,-0.011296
-0.010737,-0.012226,-0.0033955,-0.0050651,0.0055994,0.0074519,0.0048396,-0.0040171,0.00086465,-0.011168,-0.011145,-0.0045265,-0.0090416
-0.010092,-0.011511,-0.0036908,-0.0052844,0.0042188,0.006067,0.0035334,-0.0027595,0.0014337,-0.0089172,-0.0088964,-0.0029928,-0.0069974
-0.0094145,-0.010753,-0.0038815,-0.0053849,0.0030236,0.004841,0.0024162,-0.0017021,0.0018654,-0.0069665,-0.0069482,-0.0017118,-0.0052442
-0.0086869,-0.0099314,-0.0039258,-0.005323,0.0020824,0.0038273,0.0015438,-0.00087192,0.0021523,-0.0053544,-0.0053385,-0.00071321,-0.0038167
-0.0079322,-0.0090735,-0.0038509,-0.0051311,0.0013565,0.0030032,0.00088485,-0.0002403,0.002316,-0.0040374,-0.0040235,5.3018e-05,-0.0026678
-0.0071866,-0.0082228,-0.0037094,-0.0048701,0.00077276,0.0023157,0.0003727,0.00024295,0.0023891,-0.0029458,-0.0029338,0.00065333,-0.001728
-0.0064709,-0.0074033,-0.003531,-0.0045736,0.00029523,0.0017337,-3.0943e-05,0.00060758,0.0023923,-0.0020411,-0.0020308,0.0011204,-0.00096018
-0.0057821,-0.0066117,-0.003312,-0.0042381,-6.6393e-05,0.0012593,-0.00032557,0.00086218,0.0023362,-0.0013176,-0.0013088,0.0014509,-0.00036176
-0.0050967,-0.0058223,-0.003029,-0.0038381,-0.00028555,0.00090732,-0.00049234,0.00099498,0.002213,-0.00079493,-0.00078745,0.0016117,4.2217e-05
-0.0043968,-0.0050181,-0.0026693,-0.0033617,-0.00035915,0.00067891,-0.00052864,0.00099121,0.0020034,-0.00048706,-0.00048075,0.0015743,0.00023263
-0.0037048,-0.004226,-0.002266,-0.0028467,-0.0003348,0.0005403,-0.00047608,0.00087744,0.0017198,-0.00035038,-0.0003451,0.0013819,0.00025475
-0.0030671,-0.0034975,-0.0018791,-0.0023585,-0.00028218,0.00043999,-0.0003997,0.00073001,0.0014253,-0.00028573,-0.00028137,0.0011462,0.00021412
-0.0025043,-0.0028551,-0.0015376,-0.0019281,-0.00023624,0.00035202,-0.00033229,0.00059742,0.0011625,-0.00023133,-0.00022779,0.00093573,0.00017576
-0.0020106,-0.0022921,-0.0012389,-0.0015522,-0.00019899,0.00027405,-0.00027499,0.00048333,0.00093325,-0.00017986,-0.00017703,0.0007553,0.00014616
-0.0015779,-0.001799,-0.00097704,-0.001223,-0.00016667,0.00020659,-0.00022453,0.00038359,0.0007327,-0.00013444,-0.00013223,0.00059812,0.00012081
-0.0012006,-0.0013689,-0.00074838,-0.00093561,-0.00013802,0.00014831,-0.00017988,0.00029546,0.00055673,-9.6198e-05,-9.4539e-05,0.00045975,9.7326e-05
-0.00087381,-0.00099624,-0.00055041,-0.00068655,-0.00011302,9.7269e-05,-0.00014161,0.00021906,0.00040394,-6.302e-05,-6.1836e-05,0.00033934,7.6782e-05
-0.00059016,-0.00067266,-0.00037777,-0.00046954,-8.9252e-05,5.4069e-05,-0.00010727,0.00015185,0.00027088,-3.5811e-05,-3.5037e-05,0.00023313,5.7293e-05
-0.00034316,-0.00039095,-0.00022587,-0.00027916,-6.4761e-05,1.9075e-05,-7.489e-05,9.0794e-05,0.00015356,-1.6416e-05,-1.5996e-05,0.00013674,3.6081e-05
-9.4984e-05,-0.00010985,-5.8289e-05,-7.4585e-05,-8.441e-06,1.4607e-05,-1.2892e-05,2.2538e-05,4.533e-05,-1.2031e-05,-1.1881e-05,3.3515e-05,3.6434e-06
0.078484,0.090864,0.13667,0.14284,0.23513,0.15221,0.14915,0.010673,0.076258,-0.05063,-0.050349,-0.082229,-0.065036
0.037704,0.043385,0.088925,0.087165,0.18842,0.11011,0.092518,0.05412,0.10752,-0.0026992,-0.0024382,-0.035699,-0.017612
0.016367,0.019189,0.062893,0.058002,0.16179,0.08719,0.062975,0.082532,0.13049,0.029217,0.029469,-0.0052367,0.01382
0.0022991,0.00386,0.045598,0.039568,0.14281,0.073304,0.045356,0.10697,0.15259,0.057651,0.057898,0.021733,0.041924
0.0034068,0.004762,0.045586,0.039788,0.13784,0.075699,0.047153,0.11957,0.16701,0.074347,0.074595,0.039023,0.059217
0.030248,0.03233,0.078071,0.07317,0.16517,0.11044,0.084322,0.10742,0.16414,0.064694,0.064967,0.033495,0.051865
0.08795,0.091539,0.15392,0.14961,0.24504,0.19078,0.16857,0.060144,0.13657,0.01205,0.012387,-0.011157,0.0031359
0.16315,0.16916,0.25868,0.25476,0.37022,0.3035,0.28528,-0.01175,0.09248,-0.07544,-0.075008,-0.089064,-0.079918
0.22555,0.23421,0.3463,0.34338,0.48184,0.39527,0.38159,-0.074255,0.052299,-0.15164,-0.15112,-0.15774,-0.15243
0.26834,0.27907,0.40273,0.40137,0.55408,0.44778,0.43954,-0.11662,0.021125,-0.19987,-0.19931,-0.20113,-0.19798
0.30011,0.31207,0.43984,0.43999,0.60059,0.47352,0.47135,-0.14666,-0.0049882,-0.23117,-0.2306,-0.22878,-0.22707
0.32406,0.3366,0.46129,0.46309,0.62539,0.4783,0.4829,-0.16877,-0.027951,-0.25227,-0.2517,-0.24714,-0.24647
0.33959,0.35228,0.46654,0.47027,0.62695,0.4665,0.47793,-0.18455,-0.048431,-0.26496,-0.26442,-0.25841,-0.25824
0.34955,0.36202,0.46135,0.46712,0.61087,0.44789,0.46577,-0.20034,-0.071285,-0.27643,-0.27592,-0.26841,-0.26898
0.35865,0.37113,0.45422,0.46252,0.58684,0.43072,0.45587,-0.22295,-0.10114,-0.29449,-0.29403,-0.28339,-0.28581
0.36517,0.37852,0.44815,0.45972,0.56199,0.41815,0.45193,-0.25494,-0.13915,-0.3233,-0.32288,-0.30729,-0.31299
0.36279,0.37779,0.4437,0.45826,0.54271,0.41531,0.45738,-0.30383,-0.19274,-0.37309,-0.37271,-0.34769,-0.36019
0.34362,0.35995,0.43022,0.44636,0.51661,0.4121,0.45996,-0.36363,-0.25967,-0.43645,-0.43612,-0.39703,-0.41993
0.32607,0.34342,0.41929,0.43632,0.48814,0.40605,0.46043,-0.4241,-0.33013,-0.49461,-0.49435,-0.44421,-0.47543
0.30983,0.3284,0.40238,0.42102,0.45936,0.38581,0.44614,-0.45435,-0.36895,-0.52496,-0.52475,-0.47254,-0.50637
0.29115,0.31153,0.38341,0.40422,0.43653,0.36162,0.42758,-0.47434,-0.39558,-0.55121,-0.55103,-0.49998,-0.53454
0.27297,0.2953,0.36384,0.38698,0.41509,0.33542,0.40651,-0.48631,-0.41349,-0.57321,-0.57307,-0.52792,-0.56085
0.26002,0.28497,0.35061,0.37678,0.40493,0.31582,0.39209,-0.49211,-0.42127,-0.5927,-0.59258,-0.55938,-0.58755
0.25177,0.27914,0.34305,0.37184,0.40339,0.30451,0.38432,-0.49105,-0.41904,-0.60656,-0.60644,-0.59009,-0.61036
0.24556,0.27397,0.3366,0.36642,0.40144,0.29697,0.37742,-0.48347,-0.41043,-0.61024,-0.61012,-0.61229,-0.62256
0.23862,0.26643,0.32571,0.35502,0.38788,0.28499,0.36404,-0.46929,-0.39871,-0.59871,-0.5986,-0.61882,-0.61807
0.2278,0.2538,0.30492,0.33282,0.35396,0.26204,0.33839,-0.44423,-0.38116,-0.56428,-0.56419,-0.59929,-0.58829
0.21658,0.24027,0.28229,0.308,0.31727,0.23805,0.30931,-0.40568,-0.35095,-0.50781,-0.50775,-0.55058,-0.53294
0.20607,0.22759,0.26056,0.28389,0.28394,0.21499,0.2797,-0.35821,-0.3112,-0.43833,-0.43828,-0.48359,-0.46214
0.17759,0.19456,0.21209,0.23072,0.21511,0.16887,0.22088,-0.28099,-0.24898,-0.33315,-0.33315,-0.37379,-0.35282
0.10608,0.11342,0.11934,0.12805,0.10491,0.10125,0.12651,-0.15593,-0.14227,-0.18471,-0.18476,-0.19849,-0.19252
0.036631,0.037766,0.050403,0.052344,0.045067,0.06165,0.068604,-0.087278,-0.081101,-0.11419,-0.11425,-0.10316,-0.11296
0.070389,0.080421,0.088034,0.10003,0.088373,0.070351,0.10144,-0.16387,-0.15359,-0.19158,-0.19163,-0.19869,-0.19756
0.084053,0.099936,0.089377,0.10901,0.085878,0.055075,0.098365,-0.16167,-0.15061,-0.18021,-0.18025,-0.19674,-0.1882
0.090118,0.1053,0.09534,0.1144,0.08541,0.067106,0.10776,-0.15138,-0.14033,-0.16063,-0.16067,-0.16208,-0.16167
0,0,0,0,0,0,0,0,0,0,0,0,0
0,0,0,0,0,0,0,0,0,0,0,0,0
0.094985,0.11602,0.12474,0.15097,0.14207,0.12504,0.17096,-0.17818,-0.14292,-0.23828,-0.23831,-0.23069,-0.24121
0.03116,0.044055,0.071463,0.083021,0.12619,0.086998,0.10098,-0.053118,-0.013437,-0.097211,-0.097071,-0.097456,-0.098976
-0.044441,-0.051331,-0.03368,-0.047348,-0.0027249,-0.027181,-0.055295,0.091445,0.091271,0.10099,0.1011,0.088562,0.098592
-0.07732,-0.093319,-0.093543,-0.11573,-0.092487,-0.093978,-0.13463,0.13939,0.11223,0.17434,0.17437,0.16084,0.17266
-0.051851,-0.062151,-0.070883,-0.083941,-0.084671,-0.07564,-0.098273,0.077849,0.051724,0.10594,0.10592,0.098715,0.1056
3.968e-05,4.1286e-05,-3.1017e-06,-2.174e-06,-8.4054e-05,-3.7097e-06,-6.3093e-06,-1.3897e-05,-2.6981e-05,8.0586e-06,8.1003e-06,-3.2418e-07,8.5337e-06
0.00052365,0.00051398,0.00038935,0.00038538,0.00022038,0.0002436,0.00027864,-0.00024077,-0.00021598,-0.00019726,-0.00019721,-0.0002464,-0.00020797
0.0041909,0.0041141,0.0035138,0.003465,0.0024572,0.0022847,0.0025991,-0.0022923,-0.0020654,-0.0020668,-0.0020668,-0.0023024,-0.00212
0.016115,0.015954,0.015041,0.014847,0.011789,0.011329,0.012303,-0.0094449,-0.0081112,-0.0090968,-0.0090956,-0.0097295,-0.0092118
0.042816,0.042657,0.044196,0.043495,0.038727,0.038787,0.03992,-0.024769,-0.019302,-0.025838,-0.025831,-0.027069,-0.026036
0.093519,0.093328,0.10681,0.10427,0.1043,0.10936,0.10632,-0.04463,-0.025912,-0.052343,-0.05231,-0.055222,-0.052898
0.17118,0.17093,0.21375,0.20693,0.22642,0.25109,0.23325,-0.05354,-0.0034031,-0.077302,-0.077204,-0.08307,-0.07828
0.27197,0.27142,0.35798,0.34483,0.39175,0.45406,0.41281,-0.056485,0.038484,-0.10111,-0.10092,-0.1084,-0.10169
0.38898,0.387,0.51412,0.49365,0.55585,0.65568,0.59381,-0.07629,0.053408,-0.13141,-0.13116,-0.13859,-0.13086
0.50389,0.49902,0.6452,0.61837,0.66808,0.77892,0.71093,-0.11416,0.02266,-0.15866,-0.1584,-0.1645,-0.15639
0.60203,0.59379,0.72784,0.69802,0.70699,0.7931,0.73761,-0.15709,-0.034543,-0.17973,-0.17951,-0.18319,-0.17557
0.6695,0.65839,0.74644,0.71849,0.67038,0.7177,0.68593,-0.18728,-0.085968,-0.18959,-0.18941,-0.19116,-0.18397
0.71376,0.70116,0.72763,0.70511,0.60421,0.62824,0.61884,-0.20487,-0.11954,-0.19386,-0.1937,-0.1938,-0.18707
0.7409,0.728,0.69314,0.6777,0.53417,0.55367,0.56214,-0.21762,-0.14338,-0.19755,-0.19742,-0.19555,-0.1895
0.75336,0.74173,0.65582,0.6483,0.47004,0.49603,0.51958,-0.23207,-0.16585,-0.20429,-0.20417,-0.19969,-0.19465
0.7682,0.75895,0.63591,0.63624,0.42375,0.46251,0.50054,-0.25489,-0.19338,-0.21904,-0.21893,-0.2109,-0.2074
0.81569,0.80954,0.66562,0.67327,0.4189,0.47445,0.53039,-0.3122,-0.24962,-0.26388,-0.26376,-0.24838,-0.2479
0.93245,0.9307,0.79118,0.80592,0.5,0.58767,0.66824,-0.45209,-0.37272,-0.38303,-0.38288,-0.34959,-0.35571
0.86855,0.87116,0.68974,0.71504,0.39164,0.48549,0.57529,-0.40028,-0.32947,-0.339,-0.33887,-0.3127,-0.31743
0.7449,0.75148,0.55487,0.58796,0.26422,0.35508,0.45279,-0.3401,-0.28533,-0.27928,-0.27919,-0.25775,-0.26286
0.6336,0.64316,0.4429,0.48118,0.16013,0.24254,0.34802,-0.29883,-0.26,-0.23297,-0.2329,-0.21909,-0.22191
0.51111,0.52195,0.33509,0.37444,0.075774,0.14326,0.24961,-0.2575,-0.23323,-0.19181,-0.19177,-0.18773,-0.18646
0.39102,0.40144,0.24153,0.27824,0.017713,0.069801,0.16983,-0.2159,-0.20211,-0.1551,-0.15508,-0.15963,-0.1541
0.27527,0.28423,0.15838,0.18963,-0.019565,0.019038,0.10455,-0.16761,-0.16097,-0.1164,-0.11639,-0.12605,-0.11776
0.18431,0.19156,0.097411,0.12285,-0.038908,-0.012175,0.058756,-0.12974,-0.12782,-0.087118,-0.087121,-0.098691,-0.089328
0.082049,0.086602,0.035274,0.050345,-0.037693,-0.023915,0.017193,-0.06927,-0.070252,-0.043854,-0.043858,-0.051328,-0.045185
0.0036025,0.0039883,0.00079571,0.0018372,-0.0033744,-0.0023007,0.0001691,-0.003676,-0.003816,-0.0021431,-0.0021433,-0.0025627,-0.0022002
1.5122e-12,1.664e-12,3.0583e-13,7.277e-13,-1.4478e-12,-1.1461e-12,-3.7915e-14,-1.6933e-12,-1.7809e-12,-9.3625e-13,-9.3636e-13,-1.1401e-12,-9.5808e-13
2.4295e-14,2.5492e-14,8.0041e-15,1.3057e-14,-1.6306e-14,-1.0839e-14,2.5301e-15,-2.1029e-14,-2.1686e-14,-1.2715e-14,-1.2716e-14,-1.4682e-14,-1.3021e-14
0,0,0,0,0,0,0,0,0,0,0,0,0
0,0,0,0,0,0,0,0,0,0,0,0,0
0,0,0,0,0,0,0,0,0,0,0,0,0
0,0,0,0,0,0,0,0,0,0,0,0,0
0,0,0,0,0,0,0,0,0,0,0,0,0
0,0,0,0,0,0,0,0,0,0,0,0,0
0,0,0,0,0,0,0,0,0,0,0,0,0
0,0,0,0,0,0,0,0,0,0,0,0,0
0,0,0,0,0,0,0,0,0,0,0,0,0
0,0,0,0,0,0,0,0,0,0,0,0,0
0,0,0,0,0,0,0,0,0,0,0,0,0
0,0,0,0,0,0,0,0,0,0,0,0,0
0,0,0,0,0,0,0,0,0,0,0,0,0
0.93151,0.92998,0.69401,0.71978,0.34627,0.34119,0.48517,-0.4988,-0.46142,-0.37672,-0.37666,-0.37342,-0.36422
0.94202,0.9404,0.70162,0.7275,0.35092,0.34656,0.49092,-0.50115,-0.46309,-0.37885,-0.37879,-0.37526,-0.36618
0.95706,0.95535,0.71257,0.73871,0.35716,0.35369,0.4991,-0.50544,-0.46643,-0.38235,-0.38229,-0.37842,-0.36944
0.97671,0.9749,0.72693,0.75347,0.36504,0.36268,0.50977,-0.51158,-0.47136,-0.38716,-0.3871,-0.38284,-0.37393
1.0016,0.99965,0.74513,0.77226,0.37477,0.3738,0.52329,-0.51978,-0.47803,-0.39344,-0.39337,-0.38864,-0.3798
1.0322,1.0302,0.76759,0.79551,0.38648,0.38728,0.53997,-0.53034,-0.48672,-0.40139,-0.40132,-0.39601,-0.38724
1.0692,1.0671,0.79458,0.82359,0.40014,0.40317,0.56003,-0.54359,-0.49775,-0.41125,-0.41118,-0.40515,-0.39646
1.1127,1.1107,0.82613,0.85659,0.41539,0.42125,0.58344,-0.55987,-0.51148,-0.4232,-0.42312,-0.4162,-0.40761
1.1626,1.1607,0.86119,0.89367,0.43072,0.43995,0.60902,-0.57943,-0.52841,-0.43726,-0.43718,-0.42916,-0.4207
1.2161,1.2147,0.89616,0.93153,0.44205,0.4549,0.63305,-0.60242,-0.54936,-0.45327,-0.45318,-0.44383,-0.43555
1.2672,1.2666,0.92404,0.96357,0.44304,0.45961,0.64951,-0.62827,-0.57461,-0.47073,-0.47064,-0.45969,-0.45172
1.3064,1.3075,0.93695,0.98219,0.42856,0.4501,0.65394,-0.65534,-0.60287,-0.48869,-0.4886,-0.47582,-0.46831
1.3257,1.3295,0.93274,0.98476,0.401,0.43016,0.64821,-0.68134,-0.63127,-0.50597,-0.50589,-0.49105,-0.48421
1.3194,1.3267,0.91278,0.97165,0.36618,0.40505,0.63517,-0.70308,-0.65603,-0.5208,-0.52072,-0.50362,-0.49775
1.2829,1.2942,0.87728,0.9419,0.32836,0.37765,0.61506,-0.71539,-0.67166,-0.52979,-0.52971,-0.51021,-0.5057
1.2085,1.224,0.82138,0.88941,0.28844,0.3476,0.58383,-0.70833,-0.66815,-0.5259,-0.52583,-0.50416,-0.50133
1.0764,1.0951,0.726,0.7934,0.23811,0.30505,0.52476,-0.65557,-0.61995,-0.48889,-0.48883,-0.46717,-0.46567
0.84326,0.86256,0.5449,0.60527,0.14791,0.21801,0.394,-0.49514,-0.46779,-0.36757,-0.36752,-0.35441,-0.35123
0.48159,0.497,0.26304,0.30674,0.014676,0.07711,0.17805,-0.21403,-0.20011,-0.14934,-0.14932,-0.15235,-0.14532
0.21885,0.22753,0.11756,0.13946,0.00063219,0.036714,0.082758,-0.089332,-0.081629,-0.060355,-0.06034,-0.060447,-0.058136
0.066325,0.068718,0.03883,0.044896,0.0039695,0.015238,0.028319,-0.024539,-0.021391,-0.015553,-0.015545,-0.014334,-0.014374
0.029931,0.031008,0.018272,0.021073,0.0017276,0.0068097,0.013326,-0.012371,-0.010934,-0.0079002,-0.0078968,-0.0073236,-0.0074015
0.016292,0.016824,0.010138,0.011765,0.00030097,0.0029072,0.0071409,-0.0080134,-0.0073248,-0.0052415,-0.0052401,-0.0051532,-0.005074
0.0094673,0.009772,0.0056438,0.006722,-0.00067815,0.00080941,0.0037431,-0.0053171,-0.0050148,-0.0035004,-0.0034998,-0.0036691,-0.0034824
0.0020692,0.0021701,0.0010327,0.0013465,-0.00055554,-0.00018177,0.00062285,-0.0013867,-0.0013625,-0.00091215,-0.00091213,-0.0010226,-0.00093021
0.00015653,0.00016565,7.1862e-05,9.9163e-05,-5.9436e-05,-3.6751e-05,3.8263e-05,-0.00013765,-0.00013941,-8.9536e-05,-8.9545e-05,-0.00010314,-9.1959e-05
8.7952e-06,9.5341e-06,2.7906e-06,4.9078e-06,-6.4604e-06,-5.095e-06,6.8956e-07,-9.4566e-06,-9.8402e-06,-5.5374e-06,-5.5382e-06,-6.6075e-06,-5.6778e-06
6.9222e-08,7.7865e-08,1.5822e-08,3.5863e-08,-6.0421e-08,-3.5544e-08,6.9711e-09,-6.5982e-08,-6.81e-08,-3.9101e-08,-3.9103e-08,-4.5285e-08,-3.9806e-08
0,0,0,0,0,0,0,0,0,0,0,0,0
0,0,0,0,0,0,0,0,0,0,0,0,0
0,0,0,0,0,0,0,0,0,0,0,0,0
0,0,0,0,0,0,0,0,0,0,0,0,0
0,0,0,0,0,0,0,0,0,0,0,0,0
0,0,0,0,0,0,0,0,0,0,0,0,0
0,0,0,0,0,0,0,0,0,0,0,0,0
0,0,0,0,0,0,0,0,0,0,0,0,0
0,0,0,0,0,0,0,0,0,0,0,0,0
0,0,0,0,0,0,0,0,0,0,0,0,0
0,0,0,0,0,0,0,0,0,0,0,0,0
0,0,0,0,0,0,0,0,0,0,0,0,0
0,0,0,0,0,0,0,0,0,0,0,0,0
0,0,0,0,0,0,0,0,0,0,0,0,0
0,0,0,0,0,0,0,0,0,0,0,0,0
0,0,0,0,0,0,0,0,0,0,0,0,0
0,0,0,0,0,0,0,0,0,0,0,0,0
0,0,0,0,0,0,0,0,0,0,0,0,0
0,0,0,0,0,0,0,0,0,0,0,0,0
0,0,0,0,0,0,0,0,0,0,0,0,0
0,0,0,0,0,0,0,0,0,0,0,0,0
0,0,0,0,0,0,0,0,0,0,0,0,0
0,0,0,0,0,0,0,0,0,0,0,0,0
0,0,0,0,0,0,0,0,0,0,0,0,0
0,0,0,0,0,0,0,0,0,0,0,0,0
0,0,0,0,0,0,0,0,0,0,0,0,0
0,0,0,0,0,0,0,0,0,0,0,0,0
0,0,0,0,0,0,0,0,0,0,0,0,0
0,0,0,0,0,0,0,0,0,0,0,0,0
0,0,0,0,0,0,0,0,0,0,0,0,0
0,0,0,0,0,0,0,0,0,0,0,0,0
-1.4086e-08,-1.4608e-08,-4.1195e-09,5.2516e-11,-4.2972e-08,1.4379e-07,1.4573e-07,-1.9181e-07,-1.3053e-07,-1.5892e-07,-1.5866e-07,-5.4355e-08,-7.7176e-08
0.00034268,0.00033703,0.00040012,0.00040134,0.00027612,0.00030742,0.00038557,-0.00036162,-0.00031292,-0.00027258,-0.00027244,-0.00018643,-0.00022438
0.009601,0.0094861,0.0090558,0.009284,0.0048511,0.005069,0.0072553,-0.0076475,-0.0069623,-0.0055824,-0.0055807,-0.0041995,-0.004842
0.032922,0.033136,0.024142,0.026258,0.006705,0.0076562,0.01684,-0.024655,-0.023596,-0.017489,-0.017487,-0.015424,-0.016157
0.045034,0.045641,0.030921,0.034447,0.0054654,0.0066498,0.020664,-0.036356,-0.035453,-0.02579,-0.025788,-0.023303,-0.024182
0.046897,0.047626,0.031922,0.035945,0.0038593,0.0040321,0.020624,-0.043529,-0.043039,-0.031517,-0.031517,-0.028975,-0.030029
0.047292,0.047899,0.034648,0.038692,0.0052684,0.0023353,0.022476,-0.057182,-0.056938,-0.044265,-0.044267,-0.041937,-0.043204
0.14351,0.14405,0.11787,0.12656,0.040664,0.036777,0.08586,-0.15301,-0.14768,-0.12914,-0.12914,-0.12662,-0.12965
0.59367,0.60975,0.37033,0.44135,-0.049428,-0.029931,0.22741,-0.58979,-0.58544,-0.45174,-0.45178,-0.4964,-0.46554
0.8244,0.86217,0.45312,0.58471,-0.20659,-0.16886,0.26134,-0.93039,-0.93414,-0.70086,-0.70094,-0.79876,-0.72862
0.51946,0.54093,0.34375,0.41569,-0.014173,-0.043174,0.22541,-0.69211,-0.68702,-0.57218,-0.57223,-0.66624,-0.60302
0.39087,0.40563,0.29936,0.3446,0.075228,0.018304,0.21093,-0.56727,-0.55866,-0.48896,-0.489,-0.58347,-0.52029
0.32998,0.3413,0.2721,0.30428,0.10642,0.042916,0.19479,-0.4867,-0.47961,-0.41906,-0.41911,-0.50844,-0.44729
0.26919,0.27843,0.22403,0.24859,0.093677,0.040467,0.15916,-0.38946,-0.38505,-0.32821,-0.32825,-0.40016,-0.34917
0.17146,0.17801,0.13657,0.15318,0.04838,0.01649,0.092979,-0.23802,-0.23658,-0.19233,-0.19235,-0.2341,-0.20335
0.059734,0.06263,0.041766,0.049303,0.0053695,-0.0049378,0.025547,-0.078797,-0.078653,-0.059743,-0.059747,-0.072684,-0.062891
0.006152,0.0065382,0.0035428,0.004642,-0.0013748,-0.0022101,0.0018014,-0.0087083,-0.0087926,-0.0063866,-0.0063872,-0.0076965,-0.0066956
0.00019726,0.00020533,0.00015393,0.00017807,1.5537e-05,-1.1014e-05,0.00010236,-0.00034275,-0.00034785,-0.00025888,-0.00025891,-0.00031442,-0.00027057
6.3073e-06,6.459e-06,2.8914e-06,3.6441e-06,-1.4712e-06,-1.9122e-06,1.0265e-06,-6.4132e-06,-6.6774e-06,-3.9604e-06,-3.9609e-06,-4.8874e-06,-4.0964e-06
5.4438e-10,5.4551e-10,2.6108e-10,3.1414e-10,-1.4262e-10,-2.6182e-10,3.1238e-11,-5.9019e-10,-6.2521e-10,-3.1851e-10,-3.1856e-10,-3.9035e-10,-3.2328e-10
0,0,0,0,0,0,0,0,0,0,0,0,0
0,0,0,0,0,0,0,0,0,0,0,0,0
0,0,0,0,0,0,0,0,0,0,0,0,0
0,0,0,0,0,0,0,0,0,0,0,0,0
0,0,0,0,0,0,0,0,0,0,0,0,0
0,0,0,0,0,0,0,0,0,0,0,0,0
0,0,0,0,0,0,0,0,0,0,0,0,0
0,0,0,0,0,0,0,0,0,0,0,0,0
0,0,0,0,0,0,0,0,0,0,0,0,0
0,0,0,0,0,0,0,0,0,0,0,0,0
0,0,0,0,0,0,0,0,0,0,0,0,0
0,0,0,0,0,0,0,0,0,0,0,0,0
0,0,0,0,0,0,0,0,0,0,0,0,0
0,0,0,0,0,0,0,0,0,0,0,0,0
0,0,0,0,0,0,0,0,0,0,0,0,0
0,0,0,0,0,0,0,0,0,0,0,0,0
0,0,0,0,0,0,0,0,0,0,0,0,0
0,0,0,0,0,0,0,0,0,0,0,0,0
1.2003e-08,1.2081e-08,1.7067e-08,1.6885e-08,1.0946e-08,8.1994e-09,1.2247e-08,-2.2947e-08,-2.3026e-08,-1.79e-08,-1.79e-08,-1.6334e-08,-1.6908e-08
3.0997e-06,3.128e-06,4.4095e-06,4.3637e-06,3.1761e-06,2.6018e-06,3.6518e-06,-6.3487e-06,-6.2932e-06,-4.8785e-06,-4.8784e-06,-4.2989e-06,-4.5307e-06
0.00023549,0.00023823,0.00035475,0.00035013,0.00027414,0.0002325,0.00030755,-0.00047749,-0.00047063,-0.00036943,-0.00036942,-0.00032423,-0.00034323
0.0045715,0.0046512,0.0070486,0.0069752,0.0058503,0.0053427,0.0067024,-0.0097264,-0.0094378,-0.0078936,-0.0078932,-0.0067519,-0.0072702
0.035893,0.036694,0.055948,0.05554,0.048521,0.047334,0.057493,-0.081627,-0.078045,-0.069345,-0.069338,-0.057318,-0.063035
0.31778,0.32577,0.4872,0.48496,0.4335,0.41547,0.50052,-0.68967,-0.6568,-0.59384,-0.59379,-0.4983,-0.54442
0.5189,0.53041,0.70101,0.70325,0.58301,0.53366,0.67266,-0.99529,-0.95796,-0.85106,-0.85101,-0.73601,-0.79028
0.64488,0.65905,0.81607,0.82467,0.65321,0.58105,0.76169,-1.2097,-1.1722,-1.0424,-1.0423,-0.91147,-0.97628
0.72882,0.74608,0.88723,0.90292,0.69222,0.59793,0.81481,-1.3883,-1.3525,-1.2137,-1.2137,-1.0809,-1.1515
0.78213,0.80286,0.93009,0.95283,0.71456,0.6004,0.84684,-1.5307,-1.4965,-1.3649,-1.3649,-1.2534,-1.3179
0.81931,0.84351,0.9585,0.98773,0.72986,0.59966,0.86888,-1.6355,-1.6014,-1.4913,-1.4913,-1.429,-1.4691
0.84511,0.87246,0.97604,1.0107,0.74048,0.59908,0.88285,-1.6946,-1.659,-1.58,-1.5801,-1.5913,-1.5881
0.866,0.89635,0.98709,1.0265,0.74656,0.59878,0.8906,-1.711,-1.6727,-1.6266,-1.6268,-1.7211,-1.6638
0.8782,0.91188,0.98784,1.0321,0.74474,0.59425,0.88943,-1.6931,-1.6515,-1.6351,-1.6353,-1.8025,-1.6952
0.87377,0.90998,0.97491,1.0218,0.73955,0.58731,0.87688,-1.6382,-1.5933,-1.6032,-1.6034,-1.822,-1.6785
0.84567,0.88215,0.93368,0.98044,0.70987,0.5584,0.83326,-1.5289,-1.4841,-1.5027,-1.5029,-1.7453,-1.5838
0.75939,0.79191,0.81743,0.86006,0.60704,0.46593,0.71073,-1.3071,-1.2715,-1.2643,-1.2645,-1.4931,-1.3374
0.57754,0.60027,0.58773,0.62042,0.40371,0.29488,0.48282,-0.92522,-0.90762,-0.85561,-0.85573,-1.0237,-0.9053
0.30213,0.31207,0.27722,0.29531,0.15674,0.10161,0.20547,-0.4399,-0.43806,-0.37443,-0.37448,-0.4523,-0.39464
0.075001,0.077106,0.055555,0.06176,0.013723,0.0014626,0.032969,-0.097362,-0.099001,-0.072515,-0.072526,-0.088545,-0.075971
0.0056921,0.0059141,0.0030227,0.0038848,-0.0018029,-0.0024813,0.0010426,-0.0074098,-0.0076774,-0.0047966,-0.0047973,-0.0058932,-0.0049886
8.43e-05,8.8811e-05,4.4349e-05,6.0886e-05,-4.4206e-05,-5.5811e-05,1.085e-05,-0.00012541,-0.00013011,-7.765e-05,-7.766e-05,-9.548e-05,-8.0688e-05
2.0523e-07,2.1818e-07,1.9363e-07,2.1759e-07,9.243e-08,7.3489e-09,1.3244e-07,-4.1397e-07,-4.1293e-07,-3.3932e-07,-3.3937e-07,-4.1028e-07,-3.5814e-07
4.752e-08,4.8403e-08,2.979e-08,3.4837e-08,-6.1353e-09,-1.5941e-08,1.1112e-08,-6.1844e-08,-6.4298e-08,-3.8045e-08,-3.805e-08,-4.6757e-08,-3.9298e-08
5.561e-09,5.6783e-09,3.292e-09,3.9827e-09,-1.4643e-09,-2.9096e-09,8.6757e-10,-7.9567e-09,-8.3437e-09,-4.5596e-09,-4.5602e-09,-5.6188e-09,-4.6854e-09
1.8192e-10,1.8958e-10,8.569e-11,1.1986e-10,-1.145e-10,-1.5456e-10,2.4068e-12,-2.8098e-10,-2.9689e-10,-1.5085e-10,-1.5087e-10,-1.8498e-10,-1.538e-10
3.9775e-13,3.9778e-13,3.0894e-13,3.5199e-13,-1.2057e-13,-3.4072e-13,2.6706e-14,-6.9479e-13,-7.343e-13,-3.6878e-13,-3.6883e-13,-4.5075e-13,-3.761e-13
0,0,0,0,0,0,0,0,0,0,0,0,0
0,0,0,0,0,0,0,0,0,0,0,0,0
0.00029745,0.00031525,3.528e-05,0.00013342,-0.00042189,-0.00040286,-8.0609e-05,-0.00042511,-0.00045282,-0.00021064,-0.00021068,-0.00025549,-0.00021238
0.00033305,0.00035311,3.7164e-05,0.00014661,-0.00046705,-0.0004397,-8.6916e-05,-0.00046591,-0.00049611,-0.00023173,-0.00023176,-0.00028125,-0.00023372
0.00037962,0.00040263,3.9595e-05,0.0001642,-0.00052858,-0.00049127,-9.6277e-05,-0.00052111,-0.00055471,-0.00025995,-0.00025999,-0.00031553,-0.00026229
0.00043614,0.00046268,4.4249e-05,0.00018678,-0.00060089,-0.00055328,-0.000107,-0.00058895,-0.00062665,-0.00029475,-0.00029479,-0.0003577,-0.00029755
0.00051434,0.00054554,5.4415e-05,0.0002201,-0.00069249,-0.00063355,-0.00011918,-0.0006816,-0.00072474,-0.00034286,-0.00034291,-0.00041601,-0.00034642
0.00062442,0.00066131,7.4647e-05,0.00027009,-0.00080831,-0.00073888,-0.00013278,-0.00081008,-0.00086059,-0.00041043,-0.00041049,-0.00049788,-0.00041514
0.00077604,0.00081995,0.00010842,0.00034273,-0.0009579,-0.00087897,-0.00014839,-0.00098766,-0.0010481,-0.00050469,-0.00050477,-0.00061187,-0.00051104
0.0010184,0.0010735,0.00016835,0.00046379,-0.0011909,-0.0011,-0.00016985,-0.0012758,-0.001352,-0.0006585,-0.00065859,-0.00079714,-0.00066746
0.0014533,0.0015267,0.00028985,0.00069002,-0.0015825,-0.0014756,-0.00019669,-0.0017871,-0.00189,-0.00093409,-0.00093422,-0.0011269,-0.00094762
0.0023108,0.0024139,0.0005668,0.0011573,-0.0022737,-0.0021542,-0.00021869,-0.0027666,-0.0029173,-0.0014692,-0.0014694,-0.0017615,-0.0014913
0.0040612,0.0042117,0.0012171,0.0021577,-0.0034856,-0.0033742,-0.00018421,-0.0046815,-0.0049167,-0.0025345,-0.0025349,-0.0030098,-0.0025726
0.0077283,0.0079539,0.0027782,0.0043649,-0.0055407,-0.0054969,9.3525e-05,-0.0084837,-0.0088636,-0.0046994,-0.0047,-0.0055074,-0.0047655
0.015663,0.01601,0.0065948,0.0093908,-0.0088862,-0.0090536,0.0011898,-0.016231,-0.016849,-0.0092249,-0.0092258,-0.010623,-0.0093326
0.03319,0.033741,0.015963,0.021041,-0.013889,-0.014635,0.0047198,-0.032423,-0.033411,-0.018939,-0.01894,-0.021333,-0.019079
0.071125,0.072025,0.038123,0.04741,-0.020025,-0.022169,0.014669,-0.065995,-0.067482,-0.039648,-0.03965,-0.04353,-0.039692
0.14935,0.15092,0.0872,0.10399,-0.024392,-0.029309,0.039693,-0.13339,-0.13537,-0.08245,-0.082454,-0.08811,-0.081901
0.29977,0.30285,0.18638,0.21602,-0.019748,-0.028176,0.095977,-0.26003,-0.26186,-0.16562,-0.16563,-0.17245,-0.16315
0.56873,0.57534,0.37022,0.42075,0.010155,0.001588,0.21255,-0.48389,-0.48307,-0.31986,-0.31986,-0.32456,-0.31241
1.0323,1.0462,0.72175,0.80122,0.13538,0.13087,0.46641,-0.88789,-0.87656,-0.61973,-0.61972,-0.61242,-0.59996
1.1701,1.194,0.76159,0.86494,0.076719,0.10049,0.48477,-0.96808,-0.95778,-0.67445,-0.67445,-0.68123,-0.65918
1.107,1.1356,0.69482,0.80518,0.011971,0.046225,0.43673,-0.94852,-0.94221,-0.65523,-0.65523,-0.67253,-0.64511
0.93014,0.95585,0.58047,0.681,-0.027696,-0.0105,0.35511,-0.87745,-0.87775,-0.60279,-0.60281,-0.63033,-0.59843
0.76472,0.78694,0.47755,0.5662,-0.05168,-0.053792,0.28198,-0.80506,-0.81126,-0.55288,-0.55292,-0.5926,-0.55457
0.6227,0.64129,0.39231,0.46831,-0.059706,-0.079617,0.223,-0.73241,-0.74277,-0.50486,-0.5049,-0.55674,-0.51193
0.51604,0.53141,0.32984,0.39462,-0.05774,-0.09084,0.18092,-0.66638,-0.67901,-0.46164,-0.46169,-0.52412,-0.47284
0.42657,0.43919,0.27723,0.33147,-0.050129,-0.092737,0.14701,-0.59714,-0.61078,-0.41482,-0.41487,-0.4836,-0.42829
0.35191,0.36167,0.23679,0.27979,-0.030166,-0.079204,0.12426,-0.52124,-0.53396,-0.36354,-0.36359,-0.43246,-0.37744
0.30082,0.30875,0.20622,0.2417,-0.018441,-0.067457,0.10752,-0.45386,-0.4651,-0.3166,-0.31664,-0.38197,-0.32984
0.25694,0.26364,0.17668,0.20639,-0.012786,-0.057113,0.091434,-0.38507,-0.39464,-0.26736,-0.2674,-0.32537,-0.27898
0.20847,0.21406,0.14033,0.16469,-0.014195,-0.050137,0.070188,-0.30484,-0.31286,-0.20813,-0.20816,-0.2545,-0.21705
0.1476,0.15186,0.093594,0.11191,-0.020232,-0.044528,0.042455,-0.20806,-0.21447,-0.13699,-0.137,-0.16796,-0.14244
0.079667,0.082312,0.04465,0.055925,-0.022469,-0.034075,0.015813,-0.10744,-0.11164,-0.066471,-0.066481,-0.081622,-0.068728
0.026392,0.027484,0.011671,0.016318,-0.014032,-0.016883,0.0017093,-0.034213,-0.035917,-0.019427,-0.01943,-0.023848,-0.019923
0.0027728,0.0029303,0.00086624,0.0015154,-0.0024248,-0.0025665,-0.00021343,-0.0037027,-0.0039174,-0.0019582,-0.0019585,-0.0023991,-0.0019948
3.5995e-05,3.947e-05,8.3187e-06,1.9963e-05,-4.4154e-05,-4.1779e-05,-4.6279e-06,-5.5187e-05,-5.8283e-05,-2.9243e-05,-2.9247e-05,-3.585e-05,-2.9853e-05
5.584e-08,5.9006e-08,4.7834e-08,5.5788e-08,1.1311e-08,-1.6335e-08,2.6859e-08,-1.2628e-07,-1.2841e-07,-9.5655e-08,-9.5662e-08,-1.1927e-07,-1.0146e-07
6.4957e-09,6.6051e-09,3.1206e-09,3.9748e-09,-2.5919e-09,-3.8718e-09,4.0101e-10,-8.3964e-09,-8.8657e-09,-4.617e-09,-4.6176e-09,-5.6784e-09,-4.7067e-09
2.4232e-10,2.4918e-10,1.5706e-10,1.8919e-10,-7.6245e-11,-1.6255e-10,4.7159e-11,-4.977e-10,-5.2661e-10,-2.7183e-10,-2.7187e-10,-3.3454e-10,-2.7697e-10
0,0,0,0,0,0,0,0,0,0,0,0,0
0,0,0,0,0,0,0,0,0,0,0,0,0
0,0,0,0,0,0,0,0,0,0,0,0,0
0,0,0,0,0,0,0,0,0,0,0,0,0
