-0.013188935415419
-0.013959748633400
-0.014289422593166
-0.014544318626918
-0.014801162496110
-0.014529703871686
-0.013019484591177
-0.009988491924237
-0.005524741574801
0.000015832335527
0.005136190755748
0.007561965541660
0.008096386467618
0.010293988910342
0.013454338861121
0.014688460910979
0.013359147880635
0.011288988065629
0.009404254746313
0.005894577716939
0.001553448520353
-0.001925037624314
-0.005381468487453
-0.008224851889225
-0.010288874906365
-0.011579641349198
-0.010680209658113
-0.004405077977729
0.006123500675981
0.018178776421470
0.025895225105793
0.021150979852834
0.014573145032431
0.003832189485758
-0.000574569407868
-0.000263514262634
-0.000733242141249
-0.005058962042552
-0.009589098924273
-0.010077418163926
-0.008285294467893
-0.005673283368153
0.026910893688049
0.008054007650494
0.007067161662061
0.006374677377940
0.005475445118918
0.004220216495130
0.002606040998280
0.000862108676517
-0.000127029046770
0.001487457770191
0.007663643334841
0.018082003892159
0.028887705699328
0.035153217466971
0.035966131496124
0.035398823932842
0.036409837906008
0.037083522818091
0.035736549884624
0.033603238315886
0.030018946918078
0.022696312729548
0.013041550345784
0.004543282369225
-0.002051451739722
-0.009366230636110
-0.016944513272995
-0.022235877382137
-0.024124639534804
-0.023434921401940
-0.020268181946478
-0.011426499895831
0.000998748177915
-0.003306214457320
-0.014396962559278
-0.002382614213600
0.015252217774610
0.014407296101509
-0.001341434210126
-0.011047648102800
-0.006827351018178
0.007323669740441
-0.006102802144949
0.006850106377518
0.007837699835708
0.007221092914596
0.003622150810934
-0.004528399583100
-0.015826950143621
-0.024044414834328
-0.023034858366847
-0.013191409383214
0.005523816714430
0.028233726624429
0.043794926916585
0.041882322133834
0.024118384087655
0.010865604228073
0.027925667761818
0.068425708237622
0.092910253023854
0.088293788837595
0.070132352881948
0.038249615690617
0.001478603804869
-0.021620814474417
-0.025873201984922
-0.021923650667640
-0.016569267293184
-0.011676706675411
-0.007550220069729
-0.007527180078955
-0.016568237299856
-0.021674503590976
-0.012125659908360
-0.016004975737717
-0.005395389993116
0.004515255185159
-0.000978408875550
-0.002204193502191
0.017901326379401
0.035127550241886
0.014463808037397
-0.015772848398669
-0.016312210373013
-0.001867795825279
-0.001865393441241
-0.001859872690829
-0.001852376260100
-0.001849461179346
-0.001860216446288
-0.001893241296297
-0.001926265496568
-0.001920803120117
-0.001858360252936
-0.001751028170246
-0.001610258321503
-0.001463122712925
-0.001322157967276
-0.001178888814966
-0.001017876035727
-0.000821886150829
-0.000602380423735
-0.000369485387824
-0.000163758915896
-0.000019118075758
0.000077957541384
0.000135204026845
0.000161625468623
0.000179338438805
0.000186264023577
0.000184109482658
0.000181762538661
0.000182009973830
0.000185270876261
0.000189279411157
0.000183247371718
0.000160623181789
0.000131946191213
0.000106217939040
0.000083823562582
0.000064107270386
0.000046209580408
0.000030132187624
0.000016218612692
0.000004493873864
0.000003181297704
-0.013123102376191
-0.007022895248023
0.001345596561648
0.012391634932716
0.025231984344929
0.037002570884915
0.041535506925818
0.032749809799600
0.010104959723658
-0.018259025743122
-0.033992047596855
-0.024799332222087
0.000062173203459
0.015831127630903
0.005254279164258
-0.025856788829321
-0.064739154404052
-0.108212762179853
-0.135434388023068
-0.129588849350114
-0.093921670408426
-0.046755991151958
-0.003905794630647
0.028324966690238
0.050323606477732
0.061057169789455
0.063045774554681
0.060083034587955
0.052533820603783
0.038349358419420
0.010226648550144
-0.014430183094412
-0.022955287770301
0.003853855191771
0.021763453576477
0.025888095192615
-0.000003595179453
-0.022069100195114
-0.000457001845709
0.058208645651672
0.076078735424210
0.000000000000000
-0.000002927531386
0.000084658520302
0.000126013263765
-0.000376042922683
-0.002127043296503
-0.006405053253209
-0.013239158868600
-0.026022313955299
-0.054469886132939
-0.083343270808862
-0.077346159901609
-0.025764591075219
0.031441437662328
0.041227623308841
-0.007297996119495
-0.047673530009212
-0.033741128229341
-0.018992796624159
-0.044890277372501
-0.046094705011593
-0.031860790714819
-0.045974607330666
-0.064470804687580
-0.056887702012578
-0.035743616574242
-0.018452733813344
-0.001345999358923
-0.000000000000543
0.000000000000003
0.000000000000000
0.000000000000000
0.000000000000000
0.000000000000000
0.000000000000000
0.000000000000000
0.000000000000000
0.000000000000000
0.000000000000000
0.000000000000000
0.000000000000000
0.000000000000000
0.000000000000000
0.031114070962185
0.032963234975437
0.035132223118656
0.037561483156069
0.040201913660135
0.042941785909224
0.045554584528857
0.047791044088350
0.049527452712058
0.050787889177241
0.051241498957215
0.048828781986162
0.039081680217907
0.019952367606440
-0.003534210472655
-0.025378641386741
-0.046399642049859
-0.066278916191424
-0.076300762401592
-0.046680313740948
-0.008782863243014
-0.003150754300150
-0.002503711820924
-0.001621216181087
-0.000418076400345
-0.000038942159481
-0.000002295398059
-0.000000055909657
0.000000000000000
0.000000000000000
0.000000000000000
0.000000000000000
0.000000000000000
0.000000000000000
0.000000000000000
0.000000000000000
0.000000000000000
0.000000000000000
0.000000000000000
0.000000000000000
0.000000000000000
0.000000000000000
0.000000000000000
0.000000000000000
0.000000000000000
0.000000000000000
0.000000000000000
0.000000000000000
0.000000000000000
0.000000000000000
0.000000000000000
0.000000000000000
0.000000000000000
0.000000000000000
0.000000000000000
0.000000000000000
0.000000000000000
0.000000000000000
0.000000000000000
-0.000000090012739
-0.000058781554371
-0.000233220235068
0.000791425206029
0.000876173937331
0.001452430643188
0.005848523480098
0.030186943972887
0.018731225047227
-0.029968012484735
0.009556636612573
0.018998206436289
0.018197148375356
0.008971369128405
-0.000302498925051
0.001428038655100
0.001055182943326
0.000070840903697
-0.000000800678783
0.000000000019709
0.000000000000000
0.000000000000000
0.000000000000000
0.000000000000000
0.000000000000000
0.000000000000000
0.000000000000000
0.000000000000000
0.000000000000000
0.000000000000000
0.000000000000000
0.000000000000000
0.000000000000000
0.000000000000000
0.000000000000000
0.000000000000000
0.000000000000000
0.000000000000000
0.000000000365606
-0.000000275659319
-0.000017514815785
-0.000387445521774
-0.003367756690265
-0.021414187613123
-0.007971584467661
0.018199860634135
0.043027370861560
0.053697942559493
0.042002104000976
0.010317495247867
-0.028291581317389
-0.053876322481860
-0.049242191270055
-0.020206552644157
0.007397901211191
0.006911813686899
-0.003843093776733
0.001417475271480
0.001265121545666
0.000045252531076
0.000000113436589
0.000000004930000
0.000000000864654
0.000000000035893
0.000000000000282
0.000000000000000
0.000000000000000
0.000214174618517
0.000247941943886
0.000296269419851
0.000351849906576
0.000419553526052
0.000503107790686
0.000609190956025
0.000774543169381
0.001046372125205
0.001526930907465
0.002399286877857
0.003966400536322
0.006762874560472
0.011647903272792
0.019635874472567
0.031589143211258
0.047280683828149
0.064029271179790
0.062787334263382
0.004340715324855
-0.038349272198025
-0.037717499849761
-0.026912364409048
-0.009867666581581
0.004117257933178
0.010246883546159
0.013016089000647
0.013757597617752
0.012009233507350
0.007990906255393
0.003613413950255
0.001646363856225
0.001939225219832
0.000649754696592
0.000013691626200
0.000000015425413
0.000000000058979
0.000000000085984
0.000000000000000
0.000000000000000
0.000000000000000
0.000000000000000
