-0.002750687648248
-0.003062877410073
-0.006698352611445
-0.014863909568860
-0.026636871671452
-0.037019545695533
-0.040672528969697
-0.035237113924636
-0.022286056114572
-0.007315786882848
0.008355695028589
0.020707234107235
0.024009724573911
0.017776848807741
0.006506067386713
-0.006721387693733
-0.017016182758927
-0.015139728241027
-0.004891278680946
0.002528959644535
0.005987178873025
0.006817314637427
0.013460223477119
0.033429753752823
0.065757969441053
0.083126019612195
0.052111147192975
0.013541726223490
-0.015547396280787
-0.030688472834871
-0.036697051606070
-0.064620391806776
-0.083864069510467
-0.046691453221533
-0.005125869649149
0.023947012570884
0.016638642702556
-0.017209905288005
-0.040712387343622
-0.015302575467246
0.015664464802573
-0.045466228185290
-0.017410501578430
0.013635328145749
0.009581893517714
0.002665231666240
-0.007100324902252
-0.018977766471936
-0.030000851882156
-0.034276929086006
-0.026993519263998
-0.010048779407949
0.010194707732151
0.025954192866906
0.030337643451800
0.020666679277733
0.001745431196221
-0.014964371609158
-0.017216432437633
-0.000604718874224
0.023943481353797
0.034328659834640
0.017675535221174
-0.012844832755785
-0.029563480599773
-0.019192220126045
0.008991074121051
0.037352956224860
0.051882098998749
0.043740343010673
0.012867988878390
-0.024338352973013
-0.036903609114641
-0.005269046334186
0.045656487469068
0.052979569474941
0.006835263550702
-0.007946258297151
0.033156392032071
0.055519067463799
0.022618128293214
-0.011987333624120
-0.010209309789960
0.001700572562623
-0.044869785706875
0.083317949248574
0.077583949019266
0.068111433107610
0.048712362506876
0.016313394060160
-0.014556260951416
-0.022707351633359
-0.013916004727038
-0.001825708656140
0.006393935847923
0.016596242936201
0.031993689667311
0.046771345868499
0.052610083463878
0.047197740606371
0.041471354720562
0.045738857231811
0.043756394446844
0.012788685505883
-0.039794850311436
-0.066060638433738
-0.042023776051311
-0.013678991467994
-0.001256691972390
0.004501373357180
0.009474080736739
0.010819035948969
0.034145052133195
0.100453828510465
0.163820145220588
0.157094439353106
0.103432268636470
0.018821808661030
-0.022940172345571
0.006303382579304
0.050484400315605
0.041988746429085
0.022849611829474
0.058645672293495
0.080543709615856
0.027595070585317
-0.005557442212367
-0.006122335373883
-0.006080472936733
-0.006043760657048
-0.005998997130874
-0.005945472508042
-0.005862502509733
-0.005747900180821
-0.005618751006564
-0.005479704483262
-0.005288998284313
-0.005003559729785
-0.004643717616170
-0.004280680641941
-0.003980208270597
-0.003733298428425
-0.003510126927191
-0.003318802881916
-0.003174241868683
-0.003062279618062
-0.002967089097742
-0.002891622445105
-0.002814353464125
-0.002716341472198
-0.002578039011758
-0.002400326932532
-0.002195548489185
-0.001976585146927
-0.001760166035725
-0.001564784163525
-0.001392093675695
-0.001227252349904
-0.001059815708703
-0.000894766066051
-0.000741803565801
-0.000605430213744
-0.000484827288358
-0.000377326889183
-0.000282437526749
-0.000200817545429
-0.000131784870722
-0.000073685873523
-0.000014531789954
-0.021581260216098
-0.018951520014431
-0.010540242492284
0.004784025436939
0.023790373200563
0.029079004338626
0.015285308393190
-0.005561508327669
-0.016051887455060
-0.010475710404261
0.001258161667942
0.019677324210375
0.050522615700156
0.088196498447435
0.117312623971924
0.118148543856499
0.079694761514511
0.026593145351399
-0.000100958911026
-0.004778773056923
-0.007909644050362
-0.008955355187677
-0.005229879339460
-0.007070966505168
-0.016637252096165
-0.018743032355086
0.015006658299758
0.071494459084126
0.063311321959937
0.032212821880036
0.086435227412399
0.115023435104202
0.000000000000000
-0.228581851553196
-0.180472332401491
0.000000000000000
0.000000000000000
0.020278909368153
-0.118880173831926
-0.175334662745169
-0.120350003293592
-0.060914657742647
0.000000000000000
0.000000000000000
0.000000000000000
0.000000000000000
0.000000000000000
0.000000000000000
0.000000000000000
0.000000000000000
0.000000000000000
0.000000000000000
0.000000000000000
0.000000000000000
0.000000000000000
0.000000000000000
0.000000000000000
0.000000000000000
0.000000000000000
0.000000000000000
0.000000000000000
0.000000000000000
0.000000000000000
0.000000000000000
0.000000000000000
0.000000000000000
0.000000000000000
0.000000000000000
0.000000000000000
0.000000000000000
0.000000000000000
0.000000000000000
0.000000000000000
0.000000000000000
0.000000000000000
0.000000000000000
0.000000000000000
0.000000000000000
0.000000000000000
0.000000000000000
0.000000000000000
0.000000000000000
0.000000000000000
0.000000000000000
0.000000000000000
0.000000000000000
0.000000000000000
0.000000000000000
0.000000000000000
0.000000000000000
0.000000000000000
0.000000000000000
0.000000000000000
0.000000000000000
0.000000000000000
0.000000000000000
0.000000000000000
0.000000000000000
0.000000000000000
0.000000000000000
0.000000000000000
0.000000000000000
0.000000000000000
0.000000000000000
0.000000000000000
0.000000000000000
0.000000000000000
0.000000000000000
0.000000000000000
0.000000000000000
0.000000000000000
0.000000000000000
0.000000000000000
0.000000000000000
0.000000000000000
0.000000000000000
0.000000000000000
0.000000000000000
0.000000000000000
0.000000000000000
0.000000000000000
0.000000000000000
0.000000000000000
0.000000000000000
0.000000000000000
0.000000000000000
0.000000000000000
0.000000000000000
0.000000000000000
0.000000000000000
0.000000000000000
0.000000000000000
0.000000000000000
0.000000000000000
0.000000000000000
0.000000000000000
0.000000000000000
0.000000000000000
0.000000000000000
0.000000000000000
0.000000000000000
0.000000000000000
0.000000000000000
0.000000000000000
0.000000000000000
0.000000000000000
0.000000000000000
0.000000000000000
0.000000000000000
0.000000000000000
0.000000000000000
0.000000000000000
0.000000000000000
0.000000000000000
0.000000000000000
0.000000000000000
0.000000000000000
0.000000000000000
0.000000000000000
0.000000000000000
0.000000000000000
0.000000000000000
0.000000000000000
0.000000000000000
0.000000000000000
0.000000000000000
0.000000000000000
0.000000000000000
0.000000000000000
0.000000000000000
0.000000000000000
0.000000000000000
0.000000000000000
0.000000000000000
0.000000000000000
0.000000000000000
0.000000000000000
0.000000000000000
0.000000000000000
0.000000000000000
0.000000000000000
0.000000000000000
-0.000000026150813
-0.000001884962230
-0.000070034142161
-0.002087243303263
-0.017838307513138
-0.018245915387624
-0.014936431053960
-0.013249684801279
-0.005617943394075
-0.006612514305544
0.003496564929185
0.038438587638225
-0.005453438307735
0.028177603971273
-0.006664553184922
0.004274255555748
0.021873200351494
-0.014774876589758
-0.008982863657925
-0.001853844269460
-0.000043262104897
-0.000000066985438
-0.000000000044808
-0.000000000002753
0.000000000000000
0.000000000000000
0.000000000000000
0.000000000000000
0.000000000000000
0.000000000000000
0.000000000000000
0.000000000000000
0.000000000000000
0.000000000000000
0.000000000000000
0.000000000000000
0.000000000000000
0.000000000000000
0.000000000000000
0.000000000000000
0.000000000000000
0.000000000000000
0.000000000000000
0.000000000000000
0.000000000000000
0.000000000000000
0.000000000000000
0.000000000000000
0.000000000000000
0.000000000000000
0.000000000000000
0.000000000000000
0.000000000000000
0.000000000000000
0.000000000000000
0.000000000000000
0.000000000000000
0.000000000000000
0.000000000000000
0.000000000000000
0.000000000000000
0.000000000000000
0.000000000000000
0.000000000000000
0.000000000000000
0.000000000000000
0.000000000000000
0.000000000000000
0.000000000000000
0.000000000000000
