0.002189525305792
0.001121244985111
0.000780604479604
0.001227965433250
0.001861441325075
0.002447731380173
0.003127748863409
0.004070583266544
0.004884471381120
0.005193646474514
0.005299517887032
0.005243894698636
0.004830089858536
0.003662154803634
0.002273691437584
0.001358788268711
-0.000479332635468
-0.004059732845036
-0.006797316981072
-0.005888024866748
-0.003403366838979
-0.002098225706944
-0.001147844059709
-0.000616978303034
-0.000884604846996
-0.003567177751395
-0.009003777615438
-0.012573897301086
-0.011749716206484
-0.011595511070741
-0.015064705803822
-0.017810993885554
-0.013425875791990
-0.007882231591326
-0.005429494899328
-0.001329674986470
0.001137557563648
0.000674044001806
0.000316941044570
-0.001385301072474
-0.008254816926062
-0.018445413701232
-0.003143339043038
-0.007893503289578
-0.008180629751418
-0.008533297844891
-0.008878778068528
-0.009170706016605
-0.009329992604125
-0.009342616905041
-0.009352935312711
-0.009840411420133
-0.011421639298860
-0.014259028163660
-0.017617372779559
-0.020588948683289
-0.023132997772158
-0.025178091661169
-0.024687847711547
-0.019552342571422
-0.011658785268909
-0.004803202994445
0.001051359402761
0.007532805396773
0.010869006979016
0.005314630220337
-0.006753439592600
-0.017348296254937
-0.022839955464334
-0.025408764255075
-0.027443119317677
-0.027658076435659
-0.021208247885212
-0.002715245604945
0.023794167808071
0.025745737353021
-0.004590162911989
-0.018298488769115
-0.004388746575517
0.009372794441085
0.005421086735227
-0.003797009359332
-0.005635172534614
-0.000664407399064
-0.004049270581532
-0.028829919129586
-0.031756805242470
-0.030740333086834
-0.025615013490629
-0.017250285532812
-0.007289845897611
0.002638501652789
0.010468805210732
0.016177927878250
0.019473322015518
0.018461467555276
0.013006947159990
0.007909023227506
0.005244677186702
0.001232255676411
-0.008521283651842
-0.014957399065813
-0.009960847033879
-0.003170791956137
-0.004210448549348
-0.008415613407519
-0.009336519880828
-0.014642312888953
-0.022481973097628
-0.018746121001937
-0.004443919029543
0.006018962863034
0.004718074848285
-0.004741166972222
-0.013478944327917
0.001128450144065
0.023537486724616
0.030742764780841
0.022193827891989
0.012200691425359
0.009490105382923
-0.002142188628798
-0.013198748804832
-0.006306728427050
0.003655869623943
-0.000958424745364
-0.007787121307222
0.001562268381047
0.001559888097763
0.001563967581996
0.001576254529141
0.001593251503517
0.001623199444114
0.001654394729528
0.001673179096265
0.001662929723970
0.001624026136851
0.001526877110892
0.001378686242291
0.001195037142052
0.001007437406927
0.000827830724266
0.000656797393828
0.000492355327138
0.000335023608751
0.000171377236359
0.000009283100654
-0.000139046069612
-0.000270105808119
-0.000385362916343
-0.000484316307541
-0.000547759515406
-0.000570884514931
-0.000571306559412
-0.000563177402046
-0.000550218729402
-0.000527663661499
-0.000489628504557
-0.000434784385992
-0.000369859731329
-0.000305674279606
-0.000248378877182
-0.000198116915370
-0.000154485845127
-0.000117207000068
-0.000084897627524
-0.000056602188119
-0.000031056377691
-0.000006773026526
0.009621106555755
0.007565879687561
0.005176022123236
0.003092579583654
0.002652786169842
0.005397871693592
0.011553503572126
0.021804390455713
0.036096997410251
0.051792173902922
0.063206674478746
0.067756823704872
0.067715153697326
0.066521888517347
0.064796330977306
0.058434839877624
0.045700247785461
0.034399536485529
0.024943224069388
0.013871825156254
0.007075956823780
0.015130232245668
0.031764149537175
0.048320590783543
0.063097166658841
0.075291882882417
0.083063096884811
0.085128191494304
0.072562095759861
0.046724470958134
0.023013628111201
0.026814365461503
0.022267991475986
-0.005559319355193
-0.021071913447694
-0.024809623676136
-0.001298608007079
0.024020572826058
0.021093371071977
-0.018659010743793
-0.037249397515162
0.000000000000000
-0.000043349237503
-0.000053961549457
0.000068671868953
0.000540423580779
0.001382598356708
0.002518463607688
0.004172035389246
0.007134642295421
0.016623692440844
0.029719120183742
0.034024410102898
0.024259770115254
0.013985685849391
0.017084131430352
0.029630687318264
0.023373330942549
0.001371737822983
0.006786008246312
0.025276315561572
0.003082245245324
-0.023865901937199
0.001954649419134
0.038249068153828
0.040913551063952
0.014961132811585
0.001822835731287
0.000660637176406
0.000000000001471
0.000000000000046
0.000000000000000
0.000000000000000
0.000000000000000
0.000000000000000
0.000000000000000
0.000000000000000
0.000000000000000
0.000000000000000
0.000000000000000
0.000000000000000
0.000000000000000
0.000000000000000
0.000000000000000
0.009633699022417
0.009997304568462
0.010268433924757
0.010444134113238
0.010534195506734
0.010523177365285
0.010326242485792
0.009801871402562
0.008699003408598
0.006554846608264
0.002821597970545
-0.002759228306028
-0.009384327487866
-0.016037005746912
-0.022426890667091
-0.026800254653361
-0.025634936102462
-0.019633607372755
-0.016153703765873
-0.014774961818768
-0.011278433885371
-0.003171584570252
0.000574880529853
0.000872762418339
0.000069221313054
0.000000672803111
-0.000000098116013
0.000000092829516
0.000000000000000
0.000000000000000
0.000000000000000
0.000000000000000
0.000000000000000
0.000000000000000
0.000000000000000
0.000000000000000
0.000000000000000
0.000000000000000
0.000000000000000
0.000000000000000
0.000000000000000
0.000000000000000
0.000000000000000
0.000000000000000
0.000000000000000
0.000000000000000
0.000000000000000
0.000000000000000
0.000000000000000
0.000000000000000
0.000000000000000
0.000000000000000
0.000000000000000
0.000000000000000
0.000000000000000
0.000000000000000
0.000000000000000
0.000000000000000
0.000000000000000
0.000000036111927
-0.000004416506258
-0.000089200251306
-0.000420899134250
-0.000363911127024
-0.000837027513178
-0.002982586223415
0.014508587364016
-0.010677437322714
0.026160413226622
0.025666594032664
0.014086090777735
0.000998082924217
-0.009664976755038
-0.010882098042127
-0.005848092790036
-0.000463633763621
-0.000031985726047
-0.000002500157787
0.000000000100317
0.000000000000000
0.000000000000000
0.000000000000000
0.000000000000000
0.000000000000000
0.000000000000000
0.000000000000000
0.000000000000000
0.000000000000000
0.000000000000000
0.000000000000000
0.000000000000000
0.000000000000000
0.000000000000000
0.000000000000000
0.000000000000000
0.000000000000000
0.000000000000000
0.000000000455295
-0.000000179410557
-0.000012118776145
-0.000235738188980
-0.001783683857145
-0.016145235994898
-0.030020762250120
-0.038198397847351
-0.045300363087540
-0.047224369457382
-0.038171456037163
-0.013800328929485
0.019830859298302
0.051753458371955
0.072777070481554
0.074660107236945
0.052400908109410
0.018026935924381
-0.005222160039492
-0.007367044000486
-0.000861677384602
-0.000004764164697
-0.000000094410479
-0.000000013478465
-0.000000001978256
-0.000000000123523
-0.000000000000581
0.000000000000000
0.000000000000000
-0.000203817103982
-0.000218753848799
-0.000249258576742
-0.000283849215274
-0.000316335391893
-0.000355469564871
-0.000409286520708
-0.000490254263710
-0.000634387234130
-0.000924143147805
-0.001465970844361
-0.002416597597547
-0.003981683381493
-0.006341248279024
-0.009400861453833
-0.012632527705107
-0.014398307821142
-0.010709037841418
-0.000029613276104
-0.004463169681164
-0.011985256213540
-0.026425780629835
-0.043690875649210
-0.062062104514536
-0.072339952243806
-0.071042133767570
-0.062826569932655
-0.056038423214644
-0.048604472383337
-0.040148996951089
-0.028888108889768
-0.015302958947727
-0.004485559529969
-0.000094888632133
0.000014614485631
-0.000000018958885
-0.000000001093364
-0.000000000045289
0.000000000000000
0.000000000000000
0.000000000000000
0.000000000000000
