0.021087372013340
0.022241896416380
0.022473063601387
0.022093916241218
0.021242683766752
0.019978109220349
0.018256559765763
0.015898555998332
0.012990145713342
0.009798714049862
0.006427426144281
0.002945282533543
-0.000320633816828
-0.002892422641079
-0.004431809003467
-0.005067111781355
-0.005387779287127
-0.005489998718635
-0.004912319310076
-0.003270369645756
-0.000685188542596
0.001991077327271
0.003993988031584
0.004474971889377
0.003644343468470
0.002352164911766
0.001215854371063
0.000629768114649
-0.000372682613932
-0.001306556974795
-0.001013221517278
-0.002640702340377
-0.000959042726380
0.000435137873331
-0.000493058031573
-0.001216192339949
-0.001138352280455
-0.002907154289604
-0.005872433141290
-0.006923114818790
-0.003282054534960
-0.000171662246461
-0.000758698293746
-0.008261748930050
-0.007790181924698
-0.007189653603152
-0.006394961741033
-0.005394226448736
-0.004271020696137
-0.003304952849170
-0.002922382057462
-0.003373313672486
-0.004370639546789
-0.005338854371800
-0.006268543692458
-0.008090718462960
-0.011804156434860
-0.017010397761419
-0.021556286036250
-0.023219753593090
-0.021760069229732
-0.018777333653567
-0.015651893648573
-0.011999743193432
-0.006949594983933
-0.001401618627355
0.003090580282537
0.006225613255362
0.008525713278403
0.010057108040805
0.010381198637877
0.009184103648397
0.006580978634067
0.003663614491503
0.002115968036557
0.001901201661175
0.002036216723746
0.002131154272981
0.001413236614634
0.000098322001585
-0.000667931452270
-0.000114202358099
0.000814288633391
0.001031827563609
-0.002227147772090
-0.009133662659238
-0.008510314817995
-0.007713615695074
-0.007317523249786
-0.007378771799979
-0.007598331855080
-0.006686922581910
-0.004059403926463
-0.001119935365610
0.000571633716708
0.001350300863772
0.001941936214263
0.002099922927498
0.001058819343039
-0.001792325509518
-0.005456712353744
-0.007158704073311
-0.005221537714857
-0.001873382304130
-0.000318892215864
0.001777642615422
0.004640846204165
0.005102198595753
0.000304461438793
-0.006523830300780
-0.009996773983744
-0.007979117027341
-0.001209711800588
0.005682468931861
0.007664042436107
0.005254902653673
0.005356999895225
0.004412762917403
0.004477489580683
0.005311875473078
0.005621920966793
0.005613033803355
0.004040260984716
0.002343726688122
0.002028767183149
0.002680510278294
0.004024652515081
-0.000170772323264
-0.000172443281443
-0.000175107283113
-0.000178392693988
-0.000183675878853
-0.000193143763075
-0.000208832096452
-0.000230063596379
-0.000249755925605
-0.000259223691307
-0.000254396261241
-0.000238352215547
-0.000215643675297
-0.000190532295681
-0.000160309693127
-0.000122309212769
-0.000074974565922
-0.000020578674963
0.000038693324382
0.000091181558065
0.000129837321232
0.000155824451764
0.000174689157524
0.000186844400999
0.000188599117414
0.000181490388285
0.000170103461123
0.000157666498159
0.000144565081637
0.000130311002846
0.000115206846320
0.000099661685599
0.000083704199616
0.000068366989570
0.000054906353407
0.000043457184973
0.000033580672486
0.000025046558019
0.000017622765168
0.000011061945650
0.000005005442047
0.000001451137244
-0.001600603317756
-0.003899475228581
-0.004527790573149
-0.004129355837672
-0.002734734544226
-0.000981683252263
-0.000725430695422
-0.003203491047319
-0.007021476084664
-0.010994955945396
-0.014790126277593
-0.016942407578423
-0.016686517483208
-0.015330373748117
-0.014751295697257
-0.016315561731119
-0.019265855307882
-0.020737725981115
-0.018673000481014
-0.016704096140702
-0.017159096755456
-0.018971383320270
-0.021514928225476
-0.023755166399195
-0.024738236601944
-0.022879940874081
-0.017306525803387
-0.010518480796396
-0.005039532855002
-0.000292938690831
0.002086037809653
-0.000706480624812
-0.003994438790366
-0.003111456447216
0.000185518609757
0.000000000000000
0.000000000000000
-0.005214899717816
-0.011329164527524
-0.004750078295179
-0.001364919489112
-0.001280163279183
0.000020696309971
0.000031548308526
0.000103832080030
0.000493828026593
0.001784554834421
0.005359190248131
0.013847528886289
0.025857006394531
0.033842019322276
0.030331017254804
0.020401444851669
0.019125935880180
0.030237078775276
0.044528477460405
0.050303795580483
0.046016268369898
0.044341547027826
0.060465722812491
0.073173384520645
0.072821329651176
0.055243708498402
0.032488196934458
0.020583836325807
0.015111154220300
0.009678014355638
0.003346928683999
0.000317854234547
0.000000000000009
0.000000000000010
0.000000000000000
0.000000000000000
0.000000000000000
0.000000000000000
0.000000000000000
0.000000000000000
0.000000000000000
0.000000000000000
0.000000000000000
0.000000000000000
0.000000000000000
0.000000000000000
0.000000000000000
0.017822271857684
0.018269662188919
0.018936828916331
0.019864400881066
0.021120558026927
0.022768761036082
0.024851089412079
0.027384926951353
0.030324909591222
0.033492656033622
0.036658779846941
0.039470675193743
0.040733368421887
0.038744901561693
0.032558853167519
0.022528967845412
0.009431226348378
-0.006544785075926
-0.021160167635797
-0.016466251640622
-0.001922424662113
-0.000298248330136
0.000400425580602
0.000611525923401
0.000156933775558
0.000006885070995
0.000000791144090
0.000000009619735
0.000000000000000
0.000000000000000
0.000000000000000
0.000000000000000
0.000000000000000
0.000000000000000
0.000000000000000
0.000000000000000
0.000000000000000
0.000000000000000
0.000000000000000
0.000000000000000
0.000000000000000
0.000000000000000
0.000000000000000
0.000000000000000
0.000000000000000
0.000000000000000
0.000000000000000
0.000000000000000
0.000000000000000
0.000000000000000
0.000000000000000
0.000000000000000
0.000000000000000
0.000000000000000
0.000000000000000
0.000000000000000
0.000000000000000
0.000000000000000
0.000000000000000
0.000000032699016
0.000042034972270
0.001060302828600
0.002321234538478
0.001863350436795
0.001138377575888
-0.000074792338068
0.002228679437429
0.001525021665942
-0.005884794462110
-0.008772837736623
-0.011642759278217
-0.013048579344585
-0.011834810949493
-0.008046189087811
-0.003191531765334
-0.000414143031129
-0.000001964243894
-0.000000179999386
-0.000000000112999
0.000000000000000
0.000000000000000
0.000000000000000
0.000000000000000
0.000000000000000
0.000000000000000
0.000000000000000
0.000000000000000
0.000000000000000
0.000000000000000
0.000000000000000
0.000000000000000
0.000000000000000
0.000000000000000
0.000000000000000
0.000000000000000
0.000000000000000
0.000000000000000
0.000000001747774
0.000000326768848
0.000019042444582
0.000293520902528
0.002142110056166
0.011397219389102
0.012418743424384
0.007364364055380
-0.004220474067293
-0.019524671279317
-0.034403100804974
-0.044392939988926
-0.046274856139334
-0.041076939150469
-0.032500139852701
-0.023619322487208
-0.016808361544714
-0.012354083476566
-0.007767498391609
-0.002870453122818
-0.000381418211673
0.000001833030320
-0.000000006700736
-0.000000003794622
-0.000000000886640
-0.000000000041806
-0.000000000000070
0.000000000000000
0.000000000000000
-0.000032954095775
-0.000036968914937
-0.000040925859441
-0.000043799445689
-0.000045686218581
-0.000047374983679
-0.000047147789660
-0.000039047417294
-0.000015589405560
0.000035938969761
0.000151704377325
0.000417720939510
0.001041500959025
0.002491059732064
0.005596081114740
0.011445025103049
0.020544419672936
0.030030514798374
0.030773820384204
-0.000096844502952
-0.021101630564123
-0.013303567387370
-0.005498661096702
-0.001851721933980
-0.001914271943414
-0.004488407073812
-0.007425850099433
-0.009302044095254
-0.010311039281083
-0.010248091580199
-0.008830221312498
-0.005918695633746
-0.002374951876762
-0.000247106127825
0.000004259733004
-0.000000004876187
-0.000000001246131
-0.000000000117363
0.000000000000000
0.000000000000000
0.000000000000000
0.000000000000000
