0.33797,0.53475,0.28149,0.42307,0.33933,0.20269,0.34066,-0.24675,-0.19968,-0.29943,-0.29939,-0.32905,-0.31651
0.35916,0.56703,0.29935,0.44884,0.36193,0.21563,0.36116,-0.26317,-0.21346,-0.32002,-0.31998,-0.35178,-0.33829
0.36442,0.57123,0.30506,0.4538,0.36859,0.22056,0.36586,-0.27118,-0.22154,-0.32857,-0.32853,-0.35919,-0.34646
0.36605,0.56758,0.30861,0.45358,0.37188,0.22463,0.36715,-0.27969,-0.23095,-0.33637,-0.33633,-0.36381,-0.35289
0.36678,0.56215,0.31221,0.45274,0.3757,0.22992,0.36893,-0.28946,-0.24165,-0.34503,-0.34499,-0.36846,-0.3597
0.36559,0.5564,0.3134,0.45066,0.37842,0.23235,0.36867,-0.29679,-0.24984,-0.35332,-0.35328,-0.37456,-0.36706
0.36101,0.54849,0.31028,0.44525,0.37727,0.22823,0.36282,-0.29801,-0.25217,-0.35836,-0.35832,-0.38044,-0.37291
0.3524,0.5346,0.30355,0.43488,0.37151,0.21972,0.35165,-0.2953,-0.2514,-0.35953,-0.3595,-0.38368,-0.37562
0.34143,0.51549,0.29508,0.4207,0.36178,0.21048,0.33803,-0.29092,-0.24966,-0.35631,-0.35629,-0.38232,-0.37365
0.32802,0.4921,0.28451,0.40306,0.34838,0.20087,0.32262,-0.28463,-0.24614,-0.34939,-0.34937,-0.37637,-0.36726
0.31051,0.46345,0.2703,0.38085,0.33106,0.19009,0.30464,-0.27617,-0.24017,-0.34039,-0.34037,-0.3669,-0.35797
0.29161,0.43288,0.25517,0.35736,0.3129,0.18027,0.28695,-0.26858,-0.23454,-0.33295,-0.33293,-0.35633,-0.34913
0.27531,0.40437,0.2431,0.33658,0.29725,0.17386,0.27242,-0.26435,-0.23216,-0.32758,-0.32756,-0.34473,-0.34103
0.26078,0.37747,0.23277,0.31738,0.28294,0.16962,0.25964,-0.26015,-0.22993,-0.32053,-0.32051,-0.32973,-0.33048
0.24651,0.35207,0.22171,0.29829,0.26813,0.16483,0.24676,-0.25455,-0.22664,-0.3117,-0.31167,-0.31413,-0.3186
0.23677,0.33266,0.21385,0.28355,0.25654,0.16088,0.23646,-0.25422,-0.2292,-0.30857,-0.30855,-0.30735,-0.31375
0.23469,0.32139,0.21264,0.27594,0.25175,0.1585,0.22977,-0.26555,-0.24427,-0.31786,-0.31784,-0.31391,-0.32181
0.23637,0.31649,0.21394,0.27279,0.2506,0.15399,0.22401,-0.28605,-0.2687,-0.34013,-0.34013,-0.33147,-0.3425
0.22882,0.30613,0.20431,0.26134,0.24103,0.13631,0.20679,-0.29399,-0.28028,-0.35624,-0.35624,-0.34475,-0.3584
0.21556,0.29121,0.18911,0.24473,0.226,0.11353,0.18326,-0.28144,-0.27076,-0.3483,-0.34831,-0.33878,-0.35197
0.2021,0.27532,0.17566,0.22899,0.21121,0.095946,0.16322,-0.26099,-0.25257,-0.32622,-0.32623,-0.32152,-0.33215
0.19393,0.26542,0.16865,0.22021,0.20174,0.089909,0.15456,-0.24126,-0.23345,-0.30176,-0.30177,-0.3019,-0.30962
0.19524,0.26211,0.17141,0.21966,0.19819,0.098776,0.15943,-0.23114,-0.22299,-0.27997,-0.27998,-0.28049,-0.28705
0.19653,0.25477,0.17477,0.217,0.1922,0.11157,0.16585,-0.22779,-0.22025,-0.25871,-0.25871,-0.254,-0.26198
0.19634,0.24304,0.17609,0.21063,0.18113,0.12757,0.17281,-0.21841,-0.21104,-0.22557,-0.22557,-0.21755,-0.22437
0.19183,0.2223,0.16978,0.19407,0.15551,0.14245,0.17511,-0.19804,-0.19085,-0.17402,-0.17401,-0.15954,-0.16492
0.16656,0.17547,0.13849,0.14894,0.095783,0.13703,0.15224,-0.14969,-0.14523,-0.088233,-0.088215,-0.06318,-0.068147
0.13069,0.12172,0.096723,0.095816,0.029151,0.11799,0.11866,-0.10065,-0.099344,-0.018464,-0.018449,0.014138,0.0088844
0.097101,0.083788,0.063311,0.059886,-0.0056447,0.08792,0.086224,-0.081307,-0.082718,-0.020395,-0.0204,0.0049388,0.0010701
0.061007,0.058069,0.02888,0.031857,-0.021166,0.023832,0.032876,-0.062054,-0.069915,-0.046257,-0.046303,-0.070551,-0.052729
0.0020961,0.018952,-0.027445,-0.013254,-0.050477,-0.064152,-0.043027,-0.0046964,-0.017809,-0.026114,-0.02619,-0.098978,-0.057896
-0.029181,-0.022573,-0.036746,-0.03262,-0.037188,-0.067495,-0.057028,0.00028949,-0.011473,-0.025294,-0.025343,-0.069657,-0.047671
-0.020434,-0.024591,-0.011896,-0.016565,-0.001916,-0.032139,-0.032027,-0.013246,-0.020435,-0.035709,-0.035733,-0.074458,-0.054449
0.014916,0.018289,0.029298,0.028962,0.046874,0.015555,0.016542,-0.029626,-0.02797,-0.048563,-0.048559,-0.087855,-0.065388
0.024871,0.033282,0.043362,0.046149,0.070631,0.04609,0.044708,-0.024516,-0.016031,-0.038932,-0.038905,-0.052275,-0.044766
0.031866,0.033737,0.048765,0.04821,0.073272,0.056504,0.052155,-0.022501,-0.012812,-0.02583,-0.025798,-0.020661,-0.023457
0.019965,0.016099,0.030722,0.027241,0.044782,0.034189,0.028764,0.0035946,0.010269,0.0086293,0.008652,0.0066699,0.0092488
-0.02493,-0.028096,-0.017862,-0.021384,-0.0036371,-0.024845,-0.030171,0.053359,0.054432,0.046781,0.046779,0.014836,0.034134
-0.050478,-0.047746,-0.046334,-0.046559,-0.026933,-0.064506,-0.066414,0.073579,0.070133,0.051325,0.051304,-0.0051325,0.026125
-0.029489,-0.018407,-0.027099,-0.021631,-0.0074337,-0.047488,-0.043302,0.046342,0.043883,0.025317,0.0253,-0.026555,0.0012342
-0.0092323,0.0055182,-0.0065884,0.0018851,0.0047152,-0.020348,-0.012085,0.014223,0.014616,0.00034574,0.0003371,-0.038914,-0.017757
-0.045019,-0.042651,-0.025898,-0.02759,-0.011114,-0.044152,-0.042524,0.019093,0.015739,-0.0077424,-0.0077648,-0.069575,-0.036609
0.004711,0.0069357,0.0018324,0.003966,0.00053274,0.00026849,0.0026364,-0.0011797,-0.0006012,-0.0011314,-0.0011307,-0.0011246,-0.0010002
-0.088233,-0.086703,-0.081712,-0.08262,-0.061934,-0.080627,-0.085263,0.05266,0.047427,0.026871,0.026861,0.0070161,0.015641
-0.093401,-0.091716,-0.086702,-0.087592,-0.066287,-0.084443,-0.089454,0.056338,0.050939,0.029716,0.029704,0.0093824,0.018236
-0.10011,-0.098233,-0.093474,-0.094315,-0.072664,-0.0897,-0.095097,0.061095,0.055394,0.0337,0.033686,0.012832,0.021961
-0.10748,-0.10516,-0.10142,-0.10201,-0.080675,-0.095944,-0.10157,0.06667,0.060598,0.038565,0.038548,0.01735,0.026665
-0.11479,-0.11175,-0.10993,-0.11004,-0.08994,-0.1027,-0.10831,0.072397,0.065881,0.043847,0.043828,0.022703,0.032001
-0.1209,-0.11694,-0.11787,-0.11727,-0.099499,-0.10912,-0.11435,0.077044,0.069996,0.048529,0.048507,0.02794,0.036988
-0.12493,-0.11991,-0.12413,-0.12265,-0.10787,-0.11451,-0.119,0.079886,0.072256,0.051623,0.0516,0.031745,0.040459
-0.12701,-0.12082,-0.12843,-0.12593,-0.11386,-0.11881,-0.12235,0.081421,0.073279,0.05297,0.052944,0.033443,0.041954
-0.12832,-0.12076,-0.13152,-0.12791,-0.1174,-0.12263,-0.12523,0.082913,0.074431,0.053177,0.053148,0.03311,0.041781
-0.12995,-0.12085,-0.1344,-0.12964,-0.11952,-0.12672,-0.12852,0.085451,0.076788,0.053261,0.05323,0.031611,0.040881
-0.1325,-0.12173,-0.13776,-0.13187,-0.12127,-0.13146,-0.13269,0.08957,0.080826,0.053911,0.053878,0.029792,0.040037
-0.13645,-0.1239,-0.14218,-0.13518,-0.12338,-0.13687,-0.13783,0.095291,0.086515,0.055196,0.055161,0.027847,0.039377
-0.14308,-0.12868,-0.14882,-0.14075,-0.12694,-0.14311,-0.14428,0.10287,0.09407,0.057249,0.057212,0.025852,0.03898
-0.15612,-0.13959,-0.16145,-0.15224,-0.13543,-0.15274,-0.15482,0.11453,0.1056,0.061521,0.06148,0.024619,0.039901
-0.17992,-0.1606,-0.18549,-0.17476,-0.15456,-0.17127,-0.17486,0.13436,0.12487,0.070844,0.070795,0.025091,0.043947
-0.20538,-0.18327,-0.21346,-0.20104,-0.17948,-0.19399,-0.19933,0.16182,0.1516,0.086729,0.086668,0.027339,0.052181
-0.20162,-0.17942,-0.21368,-0.20087,-0.18268,-0.19164,-0.19909,0.18386,0.17461,0.10561,0.10554,0.031112,0.063786
-0.13803,-0.12071,-0.15165,-0.14132,-0.13147,-0.13014,-0.13968,0.17499,0.17032,0.11417,0.1141,0.033168,0.071823
-0.018809,-0.010304,-0.02917,-0.023619,-0.025018,-0.013942,-0.0226,0.11185,0.11409,0.091393,0.091355,0.025142,0.061362
0.10761,0.10732,0.10291,0.10384,0.091412,0.10343,0.10119,0.0024439,0.0096686,0.030727,0.03073,0.0032357,0.024433
0.1978,0.19156,0.19786,0.19596,0.17467,0.17808,0.18647,-0.1223,-0.11436,-0.054788,-0.05475,-0.030351,-0.034744
0.2397,0.23127,0.24259,0.23999,0.21306,0.20349,0.22299,-0.23122,-0.22595,-0.14613,-0.14608,-0.07653,-0.10834
0.24451,0.23692,0.24842,0.24673,0.21724,0.1955,0.22342,-0.30379,-0.30241,-0.22499,-0.22494,-0.13595,-0.18466
0.22849,0.2233,0.23206,0.23207,0.20238,0.17187,0.2043,-0.33236,-0.33435,-0.27564,-0.27561,-0.1994,-0.24645
0.20236,0.20009,0.20461,0.20649,0.1782,0.14268,0.17597,-0.32085,-0.32511,-0.29024,-0.29024,-0.25041,-0.27899
0.17154,0.17242,0.17164,0.17541,0.14945,0.11216,0.14379,-0.28126,-0.28675,-0.27212,-0.27215,-0.27542,-0.27828
0.1387,0.1431,0.1363,0.14206,0.11944,0.082289,0.11088,-0.22666,-0.23245,-0.23111,-0.23115,-0.26904,-0.24939
0.10578,0.11355,0.10111,0.10857,0.090303,0.054488,0.078958,-0.16371,-0.169,-0.173,-0.17303,-0.22963,-0.19645
0.068595,0.078158,0.062073,0.069977,0.057025,0.026566,0.044429,-0.087915,-0.091834,-0.094171,-0.094202,-0.15084,-0.11548
0.020908,0.029043,0.013722,0.019714,0.013409,-0.0029261,0.0043417,-0.0014526,-0.0029422,-0.0025808,-0.0025994,-0.03813,-0.014512
-0.015184,-0.010989,-0.02137,-0.018586,-0.019448,-0.01879,-0.020951,0.05044,0.051779,0.048412,0.048412,0.046749,0.048522
-0.0027129,-0.00061356,-0.0082983,-0.0064652,-0.0091966,-0.0034329,-0.0049794,0.024171,0.026745,0.019668,0.019678,0.03788,0.025801
0.030925,0.031471,0.025694,0.027153,0.017647,0.023469,0.026597,-0.026631,-0.024643,-0.02391,-0.023903,-0.0048973,-0.016639
0.041395,0.03844,0.037792,0.037055,0.02382,0.032168,0.03568,-0.038898,-0.038093,-0.025637,-0.025635,-0.013081,-0.018773
0.028871,0.02467,0.026856,0.025003,0.013218,0.020618,0.022816,-0.024099,-0.024492,-0.010156,-0.010155,-0.0038171,-0.0054697
0.017021,0.015455,0.016169,0.015625,0.0085187,0.0095037,0.01196,-0.017166,-0.01814,-0.010753,-0.010749,-0.0087189,-0.0093322
0.0094411,0.010899,0.010253,0.011229,0.010921,0.005147,0.0074566,-0.01351,-0.013894,-0.01522,-0.015218,-0.016883,-0.01673
0.00064422,0.0029727,0.0027491,0.0039465,0.0088738,0.0019326,0.002426,-0.0025667,-0.0018522,-0.0076684,-0.0076721,-0.010789,-0.0099123
-0.0051144,-0.0048017,-0.0038516,-0.0040081,0.00047091,-0.0010443,-0.0027818,0.0072157,0.0081503,0.005572,0.0055687,0.0057347,0.0055718
-0.007611,-0.011474,-0.0079041,-0.010789,-0.0091981,-0.0016231,-0.0059935,0.0090414,0.0093425,0.013497,0.013498,0.020439,0.017298
-0.008537,-0.015385,-0.0095782,-0.01447,-0.015327,-0.00041302,-0.0065045,0.0054808,0.0050979,0.013589,0.013592,0.025417,0.019982
-0.014915,-0.014421,-0.013671,-0.01424,-0.01538,-0.0092516,-0.011342,0.015705,0.014956,0.018792,0.018792,0.016464,0.018346
-0.30419,-0.26899,-0.337,-0.31552,-0.31687,-0.32058,-0.32191,0.31437,0.29565,0.25369,0.25361,0.16364,0.21138
-0.31623,-0.28822,-0.34848,-0.33219,-0.33282,-0.33064,-0.33663,0.32496,0.30365,0.2672,0.26711,0.17621,0.22444
-0.32174,-0.30318,-0.3544,-0.34457,-0.34606,-0.33737,-0.34771,0.32635,0.30173,0.27314,0.27305,0.18381,0.2309
-0.31734,-0.31061,-0.35242,-0.35034,-0.35782,-0.33893,-0.35262,0.31224,0.28338,0.26734,0.26724,0.18469,0.22794
-0.29541,-0.30082,-0.3335,-0.33918,-0.3568,-0.32271,-0.33836,0.27508,0.24249,0.24427,0.24417,0.17513,0.2114
-0.25619,-0.26974,-0.29694,-0.3075,-0.33683,-0.28455,-0.3,0.2189,0.18513,0.2047,0.2046,0.15281,0.18094
-0.21903,-0.23239,-0.26452,-0.27416,-0.31722,-0.24881,-0.26065,0.17081,0.13765,0.16819,0.16809,0.12866,0.15139
-0.1972,-0.20378,-0.25061,-0.25485,-0.31242,-0.23505,-0.24083,0.15058,0.11773,0.15385,0.15375,0.11707,0.13905
-0.18787,-0.18763,-0.2471,-0.2463,-0.31206,-0.23612,-0.23675,0.14767,0.11436,0.15086,0.15076,0.11192,0.13473
-0.17948,-0.17494,-0.24002,-0.2364,-0.3025,-0.23755,-0.23451,0.14097,0.10682,0.13894,0.13883,0.098444,0.12057
-0.1676,-0.15973,-0.2261,-0.2206,-0.2818,-0.23453,-0.22808,0.12393,0.08931,0.11251,0.1124,0.071457,0.091721
-0.15084,-0.1384,-0.20537,-0.19724,-0.2503,-0.22641,-0.2156,0.099802,0.065753,0.076215,0.076102,0.034358,0.052647
-0.12518,-0.10526,-0.17305,-0.1604,-0.20115,-0.20875,-0.19182,0.070782,0.039436,0.032597,0.032488,-0.010223,0.0058945
-0.089953,-0.060868,-0.12724,-0.10904,-0.13187,-0.17791,-0.15429,0.038047,0.011951,-0.015124,-0.015221,-0.056922,-0.043978
-0.057225,-0.019828,-0.079858,-0.056906,-0.055136,-0.14221,-0.11367,0.0082779,-0.011378,-0.061698,-0.061783,-0.10293,-0.092689
-0.07069,-0.024944,-0.075387,-0.048289,-0.013616,-0.13604,-0.1074,0.015153,0.00054065,-0.08263,-0.082712,-0.13223,-0.12069
-0.17565,-0.12049,-0.17727,-0.14511,-0.084465,-0.23769,-0.21249,0.12493,0.10789,-0.020735,-0.020845,-0.11279,-0.082932
-0.1567,-0.10095,-0.16651,-0.13224,-0.079989,-0.2557,-0.22459,0.15961,0.14205,0.0030026,0.0028734,-0.12636,-0.077546
0.085403,0.13691,0.087911,0.12219,0.15789,-0.0083746,0.034601,-0.039261,-0.039597,-0.13592,-0.13599,-0.23491,-0.19642
0.2115,0.26546,0.22326,0.26059,0.29116,0.14827,0.19617,-0.18046,-0.16619,-0.23685,-0.23686,-0.29571,-0.27292
0.29099,0.34459,0.30401,0.34194,0.36481,0.24129,0.29049,-0.25896,-0.23676,-0.27315,-0.27312,-0.30295,-0.2893
0.33713,0.38994,0.34523,0.38353,0.39521,0.28773,0.3383,-0.30616,-0.28123,-0.28459,-0.28454,-0.29044,-0.28434
0.36795,0.4245,0.36918,0.41104,0.41136,0.30733,0.36401,-0.35257,-0.32724,-0.31501,-0.31495,-0.29892,-0.30303
0.38366,0.45311,0.37825,0.42985,0.42073,0.30156,0.37177,-0.40025,-0.37585,-0.37872,-0.37867,-0.35181,-0.366
0.3707,0.45561,0.35851,0.4214,0.40613,0.26486,0.34875,-0.41166,-0.38988,-0.42889,-0.42887,-0.42163,-0.43145
0.34315,0.4372,0.3235,0.39322,0.37304,0.21756,0.30876,-0.38554,-0.36779,-0.43507,-0.43508,-0.46744,-0.45854
0.30771,0.40345,0.27969,0.3507,0.32389,0.16684,0.25857,-0.33882,-0.327,-0.40328,-0.40332,-0.47904,-0.44543
0.25808,0.34955,0.2231,0.29049,0.25864,0.11116,0.19643,-0.27136,-0.26625,-0.33474,-0.33481,-0.44652,-0.38904
0.1771,0.25829,0.13964,0.19826,0.16858,0.049883,0.11726,-0.15298,-0.15076,-0.19671,-0.19677,-0.32062,-0.24921
0.025164,0.070925,-0.0035496,0.028497,0.010059,-0.011741,0.0090916,0.045007,0.051995,0.042758,0.042748,-0.013668,0.027127
-0.040166,-0.050138,-0.047484,-0.05344,-0.069854,0.013221,-0.0064556,0.083584,0.095309,0.11997,0.12003,0.18669,0.15673
0.0036052,-0.025744,0.0017059,-0.015193,-0.047347,0.065849,0.045949,-0.0029504,0.0079763,0.052231,0.052299,0.16717,0.10779
0.051049,0.020038,0.036519,0.020295,-0.044981,0.075286,0.067427,-0.080249,-0.079637,-0.0041454,-0.004113,0.086083,0.04351
0.016826,-0.013241,-0.0014194,-0.01758,-0.081882,0.017297,0.010528,-0.027177,-0.034683,0.042169,0.042168,0.081673,0.068088
-0.036239,-0.041355,-0.055911,-0.056356,-0.091456,-0.054762,-0.052027,0.030206,0.020788,0.034926,0.034884,0.034193,0.034055
-0.0028888,0.017892,-0.017416,-0.0015256,-0.0077632,-0.022568,-0.0086103,-0.016944,-0.019506,-0.052496,-0.05253,-0.047211,-0.057564
0.035954,0.066111,0.030114,0.051331,0.057677,0.028806,0.044641,-0.044847,-0.039674,-0.076625,-0.076631,-0.056361,-0.074374
0.044221,0.073441,0.040245,0.060816,0.065936,0.042789,0.056733,-0.028794,-0.019784,-0.044009,-0.043998,-0.023685,-0.037151
0.023369,0.040633,0.011827,0.025158,0.017132,0.016743,0.025248,0.0052222,0.011875,0.0094394,0.0094551,0.028263,0.020148
-0.0035021,0.0035131,-0.019687,-0.012954,-0.024768,-0.017416,-0.012744,0.019759,0.021365,0.024153,0.024156,0.033649,0.030509
-0.013067,-0.010982,-0.022933,-0.020056,-0.020342,-0.026931,-0.024229,0.015326,0.014326,0.0098832,0.0098744,0.0057604,0.0073795
0.052397,0.065469,0.039195,0.049702,0.038395,0.016234,0.030283,-0.045063,-0.046624,-0.049395,-0.049417,-0.068429,-0.058425
-0.099161,-0.22713,-0.060009,-0.14925,-0.17786,0.048391,-0.04116,0.11574,0.11004,0.27545,0.27553,0.40405,0.34875
-0.098315,-0.22517,-0.0595,-0.14797,-0.17637,0.047852,-0.040886,0.1147,0.10904,0.27304,0.27312,0.40047,0.34569
-0.097275,-0.22283,-0.05885,-0.14641,-0.17459,0.04728,-0.040501,0.11342,0.10782,0.27017,0.27025,0.39626,0.34206
-0.096064,-0.22011,-0.058093,-0.1446,-0.17254,0.046642,-0.04003,0.11195,0.10641,0.26688,0.26696,0.39142,0.33789
-0.094652,-0.21696,-0.057205,-0.1425,-0.17018,0.045934,-0.039463,0.11026,0.1048,0.26312,0.2632,0.38588,0.33312
-0.093094,-0.21343,-0.05625,-0.14018,-0.16756,0.045113,-0.038848,0.1084,0.10303,0.25891,0.25899,0.37963,0.32778
-0.091509,-0.20971,-0.055382,-0.13781,-0.16491,0.04404,-0.038356,0.10647,0.10117,0.2544,0.25447,0.37276,0.32196
-0.090023,-0.20595,-0.054771,-0.1356,-0.16248,0.04258,-0.03815,0.10456,0.099274,0.24969,0.24976,0.36545,0.31584
-0.088729,-0.20227,-0.054543,-0.13368,-0.16044,0.040598,-0.038362,0.10273,0.097388,0.24487,0.24494,0.35779,0.30947
-0.087499,-0.19845,-0.054554,-0.13185,-0.15861,0.03819,-0.038854,0.10086,0.095409,0.23976,0.23983,0.34957,0.30267
-0.086092,-0.19422,-0.054542,-0.12983,-0.15664,0.035587,-0.039352,0.098751,0.093157,0.23406,0.23412,0.34047,0.2951
-0.084381,-0.18937,-0.054357,-0.12741,-0.15432,0.032917,-0.039691,0.09621,0.090478,0.22751,0.22757,0.33025,0.28651
-0.082262,-0.18378,-0.053859,-0.12444,-0.15138,0.030309,-0.039735,0.09314,0.087301,0.2199,0.21996,0.31875,0.27671
-0.079586,-0.17725,-0.052838,-0.12069,-0.14746,0.027925,-0.039304,0.089452,0.08357,0.21114,0.21119,0.30584,0.26557
-0.076271,-0.1697,-0.05118,-0.11604,-0.14236,0.02583,-0.038325,0.085155,0.079306,0.20127,0.20132,0.29161,0.25316
-0.072354,-0.16118,-0.048916,-0.11053,-0.13609,0.023976,-0.036865,0.08036,0.074606,0.19046,0.19051,0.27614,0.23964
-0.06795,-0.15183,-0.046152,-0.1043,-0.1288,0.02229,-0.035019,0.075177,0.069566,0.17891,0.17896,0.25966,0.22522
-0.063198,-0.14183,-0.043019,-0.097504,-0.12071,0.020706,-0.032882,0.069707,0.064275,0.16678,0.16683,0.24235,0.21008
-0.058509,-0.13166,-0.039903,-0.090581,-0.11225,0.019024,-0.030759,0.064363,0.059151,0.15452,0.15456,0.22466,0.19468
-0.054137,-0.12174,-0.037006,-0.083847,-0.10373,0.017252,-0.028775,0.059432,0.054497,0.14255,0.14259,0.20714,0.17953
-0.050012,-0.1121,-0.034246,-0.077292,-0.095259,0.015521,-0.026836,0.054825,0.050216,0.13091,0.13094,0.18997,0.16474
-0.046126,-0.10281,-0.03165,-0.070979,-0.087009,0.013822,-0.024972,0.050512,0.046256,0.11969,0.11972,0.17334,0.15045
-0.042429,-0.093874,-0.029213,-0.064943,-0.079111,0.012142,-0.023213,0.046497,0.0426,0.10901,0.10903,0.15741,0.1368
-0.038896,-0.085317,-0.026933,-0.059207,-0.071667,0.010468,-0.021582,0.042768,0.039214,0.098971,0.098995,0.14233,0.12393
-0.035432,-0.07706,-0.024701,-0.053669,-0.064582,0.0089169,-0.019956,0.039199,0.035979,0.089469,0.08949,0.12806,0.11174
-0.031984,-0.069059,-0.022437,-0.048256,-0.057775,0.0075879,-0.018241,0.035692,0.032807,0.080411,0.08043,0.11455,0.10017
-0.028579,-0.061373,-0.02015,-0.043001,-0.051277,0.0064955,-0.016441,0.03221,0.029655,0.07179,0.071807,0.10187,0.089242
-0.02529,-0.054109,-0.0179,-0.037988,-0.045169,0.005606,-0.014622,0.028783,0.026543,0.06365,0.063664,0.090064,0.078999
-0.02217,-0.047337,-0.01573,-0.033278,-0.039496,0.0048838,-0.012836,0.025447,0.023497,0.056015,0.056028,0.079147,0.069466
-0.019237,-0.041062,-0.013658,-0.028879,-0.034248,0.0042995,-0.011106,0.022226,0.020544,0.048874,0.048886,0.069064,0.06061
-0.016503,-0.035256,-0.011709,-0.024789,-0.029402,0.0037874,-0.0094753,0.019164,0.017729,0.04219,0.0422,0.059685,0.052345
-0.013994,-0.029912,-0.0099238,-0.021029,-0.024957,0.0032701,-0.0080035,0.016316,0.015104,0.035948,0.035957,0.050898,0.044615
-0.011724,-0.025057,-0.0083163,-0.017618,-0.020918,0.0027478,-0.0067007,0.013699,0.012684,0.030171,0.030178,0.042725,0.037444
-0.009699,-0.020719,-0.0068834,-0.014572,-0.017299,0.0022631,-0.0055475,0.011328,0.010488,0.02494,0.024946,0.035321,0.030953
-0.0079128,-0.016893,-0.0056186,-0.011884,-0.014104,0.0018345,-0.004531,0.0092281,0.0085416,0.020314,0.020319,0.028776,0.025213
-0.0063473,-0.013539,-0.0045107,-0.0095288,-0.011303,0.0014569,-0.0036417,0.0073888,0.0068365,0.016258,0.016261,0.023034,0.02018
-0.0049779,-0.010605,-0.0035413,-0.0074679,-0.0088508,0.0011269,-0.0028634,0.005779,0.0053444,0.012707,0.01271,0.018008,0.015774
-0.00378,-0.008041,-0.0026925,-0.0056663,-0.0067089,0.00084158,-0.0021811,0.0043688,0.0040369,0.0096033,0.0096055,0.013617,0.011924
-0.0027338,-0.0058064,-0.0019505,-0.0040954,-0.0048437,0.00059642,-0.0015838,0.003137,0.0028946,0.0068996,0.0069012,0.0097962,0.0085727
-0.0018235,-0.0038653,-0.0013038,-0.0027297,-0.003222,0.00038611,-0.0010632,0.0020664,0.0019019,0.0045522,0.0045533,0.0064798,0.0056632
-0.0010355,-0.0021847,-0.00074293,-0.0015462,-0.001814,0.00020445,-0.00061204,0.0011371,0.0010404,0.0025155,0.0025161,0.0036034,0.0031393
-0.00035792,-0.00072757,-0.0002702,-0.0005286,-0.0006199,3.0295e-05,-0.00023134,0.00039361,0.00035942,0.00083176,0.00083193,0.001163,0.0010244
-0.024556,0.023698,0.010456,0.035866,0.12387,-0.024071,-0.01264,0.049312,0.061822,-0.034188,-0.034182,-0.098212,-0.069774
-0.05828,-0.025418,-0.016885,-0.003001,0.095068,-0.043033,-0.04427,0.076202,0.085403,-0.0044419,-0.0044365,-0.066617,-0.038776
-0.078507,-0.050268,-0.034177,-0.023911,0.078987,-0.054971,-0.061582,0.096767,0.1051,0.0157,0.015705,-0.048123,-0.019272
-0.088912,-0.060278,-0.042908,-0.032441,0.073211,-0.060747,-0.068888,0.11304,0.1222,0.030466,0.030471,-0.036339,-0.0059337
-0.086638,-0.055302,-0.040614,-0.027922,0.07801,-0.061871,-0.06818,0.12076,0.13137,0.035792,0.035798,-0.033008,-0.0021838
-0.066321,-0.032685,-0.019039,-0.0042891,0.10339,-0.048959,-0.051808,0.11174,0.12452,0.025649,0.025659,-0.041684,-0.012752
-0.02847,0.0055784,0.024805,0.039952,0.15779,-0.014714,-0.014811,0.079883,0.096412,-0.0085221,-0.0084978,-0.071043,-0.046047
0.02181,0.056289,0.084967,0.10014,0.23467,0.038586,0.041009,0.025713,0.047893,-0.068173,-0.068129,-0.1226,-0.10313
0.071006,0.10807,0.14174,0.15868,0.30644,0.093946,0.099582,-0.026421,0.0024964,-0.12256,-0.1225,-0.16855,-0.15341
0.10789,0.14827,0.18184,0.20157,0.35639,0.136,0.14478,-0.05891,-0.023859,-0.15264,-0.15255,-0.19186,-0.17906
0.1334,0.17467,0.20819,0.22938,0.38851,0.16577,0.17604,-0.07563,-0.035802,-0.16352,-0.16342,-0.19484,-0.18463
0.14925,0.18792,0.22406,0.24431,0.40685,0.18598,0.19532,-0.081097,-0.038195,-0.16065,-0.16054,-0.18385,-0.17646
0.15943,0.19295,0.23322,0.25079,0.41379,0.20095,0.20765,-0.08081,-0.036811,-0.14875,-0.14864,-0.16659,-0.1607
0.16297,0.19073,0.23341,0.2481,0.40506,0.21104,0.2149,-0.079473,-0.035795,-0.13217,-0.13207,-0.14672,-0.14092
0.16442,0.18792,0.22839,0.24151,0.38365,0.22198,0.22382,-0.078436,-0.034373,-0.11149,-0.11138,-0.12271,-0.11602
0.17566,0.19587,0.23011,0.2425,0.36144,0.2447,0.24469,-0.082533,-0.036121,-0.090369,-0.090249,-0.097722,-0.088968
0.22918,0.24201,0.27775,0.28663,0.37753,0.32343,0.31878,-0.12747,-0.074635,-0.092829,-0.092686,-0.077157,-0.074598
0.2925,0.29449,0.34214,0.3443,0.41251,0.42695,0.41477,-0.21288,-0.15331,-0.12777,-0.12759,-0.059938,-0.078981
0.35202,0.34838,0.39959,0.39853,0.44495,0.49118,0.4803,-0.30074,-0.24196,-0.17889,-0.17869,-0.064531,-0.1053
0.35971,0.35808,0.40105,0.40183,0.42933,0.48317,0.47945,-0.34657,-0.29396,-0.21616,-0.21596,-0.071397,-0.12799
0.36138,0.36804,0.39605,0.4033,0.41369,0.44942,0.46214,-0.41524,-0.37171,-0.30458,-0.3044,-0.12466,-0.20453
0.35264,0.37049,0.37973,0.39538,0.3922,0.39377,0.42574,-0.4816,-0.44913,-0.41566,-0.41551,-0.21458,-0.31538
0.33473,0.36769,0.35443,0.38075,0.36831,0.3281,0.3794,-0.5265,-0.50402,-0.52669,-0.52657,-0.33875,-0.44641
0.30826,0.35613,0.32228,0.35876,0.3447,0.26604,0.33146,-0.53019,-0.51422,-0.59897,-0.59891,-0.46185,-0.55472
0.28034,0.33686,0.28932,0.33182,0.32022,0.21637,0.28798,-0.49799,-0.4859,-0.61447,-0.61446,-0.54545,-0.60756
0.25324,0.31398,0.25527,0.30096,0.28798,0.1715,0.24532,-0.44602,-0.4379,-0.58397,-0.58401,-0.58323,-0.6082
0.22795,0.29092,0.22024,0.26783,0.24749,0.13009,0.20401,-0.38557,-0.38215,-0.52296,-0.52303,-0.58112,-0.56978
0.20417,0.26859,0.18775,0.23627,0.21092,0.092739,0.16514,-0.32228,-0.32349,-0.44729,-0.44738,-0.54734,-0.50801
0.17885,0.24451,0.15628,0.20509,0.18025,0.059282,0.12828,-0.25589,-0.26016,-0.3651,-0.36521,-0.48882,-0.43221
0.12369,0.18162,0.099789,0.14195,0.12213,0.017985,0.073471,-0.16082,-0.1666,-0.24732,-0.24742,-0.36632,-0.30805
0.054445,0.074903,0.037091,0.05267,0.036199,0.0040607,0.024734,-0.054068,-0.05712,-0.087431,-0.087487,-0.14218,-0.11334
0.049523,0.034574,0.038152,0.030831,0.010661,0.03142,0.032159,-0.060054,-0.062755,-0.05371,-0.05373,-0.043449,-0.048984
0.073841,0.079024,0.045871,0.053115,0.016038,0.011926,0.030907,-0.099808,-0.11026,-0.099888,-0.099932,-0.10516,-0.10352
0.027152,0.056301,-0.004671,0.017234,-0.017163,-0.035321,-0.0094492,-0.041454,-0.052095,-0.050393,-0.050449,-0.078424,-0.062757
0.057503,0.095719,0.032924,0.060944,0.037356,0.014408,0.041587,-0.048735,-0.049972,-0.048601,-0.048633,-0.053572,-0.050153
0,0,0,0,0,0,0,0,0,0,0,0,0
0,0,0,0,0,0,0,0,0,0,0,0,0
0,0,0,0,0,0,0,0,0,0,0,0,0
0.020318,0.042241,0.033109,0.046797,0.059516,0.024757,0.038543,-0.030626,-0.018861,-0.052896,-0.052857,-0.066902,-0.058472
-0.026642,-0.020866,0.014941,0.011061,0.070695,-0.0055614,-0.010662,-0.0023439,6.1558e-05,-0.041953,-0.04194,-0.076008,-0.060559
-0.08121,-0.10221,-0.044032,-0.06674,-0.0070947,-0.049977,-0.076662,0.059932,0.051677,0.038201,0.03819,0.0096653,0.022693
0,0,0,0,0,0,0,0,0,0,0,0,0
-0.0002037,-0.00021124,-0.00021852,-0.00023395,-0.0003559,-0.00019721,-0.00022404,0.00016399,0.00011351,0.00023809,0.00023827,0.00018856,0.00022126
-0.0002106,-0.0002312,-0.00020921,-0.00023153,-0.00027496,-0.00017215,-0.00021851,0.00027143,0.00024607,0.00034854,0.00034853,0.0002737,0.00032416
0.00025166,6.7303e-05,0.0003867,0.00025005,0.00031858,0.00048263,0.00033859,-3.9126e-05,-5.3549e-06,6.0842e-05,6.1193e-05,4.5646e-05,5.9106e-05
0.0043379,0.0037574,0.0053246,0.0049176,0.0058315,0.0051092,0.0048876,-0.0039061,-0.0034798,-0.0040328,-0.0040314,-0.0037533,-0.003903
0.011502,0.011433,0.015172,0.014917,0.019034,0.01584,0.015315,-0.010685,-0.0088716,-0.012112,-0.012107,-0.01084,-0.011628
0.017024,0.019036,0.023991,0.024658,0.03492,0.025569,0.024463,-0.012957,-0.0089557,-0.018405,-0.018398,-0.019009,-0.019028
0.0044812,0.0091421,0.013862,0.015822,0.032464,0.01761,0.015223,0.0063761,0.011762,-0.0058169,-0.0058164,-0.012068,-0.0095778
0.0010961,0.0039021,0.0050068,0.0064722,0.013903,0.0045173,0.0042994,0.0046774,0.0068386,-0.0022333,-0.002232,-0.0056598,-0.004666
0.00078887,0.0015831,0.0020557,0.0024578,0.004924,0.0015603,0.0015137,0.0011179,0.0017366,-0.00086251,-0.00086306,-0.0020451,-0.0016594
0.00043625,0.00055228,0.0010478,0.001067,0.0022022,0.00098324,0.00084839,0.000168,0.00041419,-0.00055967,-0.00055928,-0.00098044,-0.00082347
0.00055251,0.00074561,0.0010909,0.0011641,0.0020421,0.0011586,0.0010882,-0.00023109,-8.947e-06,-0.00080249,-0.00080193,-0.0010903,-0.00099287
0.00095022,0.001071,0.0014925,0.0015296,0.0023645,0.0016712,0.0015643,-0.00055745,-0.00033036,-0.00092082,-0.00092103,-0.0010827,-0.0010186
0.00075288,0.00086303,0.0012161,0.0012575,0.0020235,0.0013255,0.0012431,-0.00043805,-0.00024723,-0.00086935,-0.00086942,-0.0010601,-0.00097953
0.0006308,0.00069974,0.0010974,0.0011025,0.0018892,0.0012119,0.0010981,-0.00030197,-0.00010677,-0.00072313,-0.00072356,-0.00079022,-0.0008019
0.0010085,0.0010824,0.0014304,0.0014514,0.0022324,0.0016783,0.001546,-0.00048844,-0.00023252,-0.00083907,-0.00083911,-0.00090356,-0.00088443
0.00067906,0.00072272,0.0011316,0.0011274,0.0021812,0.0021571,0.0017507,0.00069988,0.0011469,0.00036969,0.00037007,-5.3683e-05,0.00020645
0.062312,0.056963,0.063214,0.060501,0.058818,0.08475,0.076369,-0.0092227,0.00095885,0.0073257,0.0073497,0.012514,0.013082
0.4672,0.41518,0.49246,0.46119,0.48182,0.8085,0.69294,0.0578,0.16886,0.25965,0.25993,0.27755,0.31182
0.15796,0.10393,0.16456,0.12662,0.19865,0.58805,0.41474,0.48355,0.60934,0.69486,0.69513,0.6077,0.7042
0.066533,0.043251,0.047381,0.032546,0.03999,0.34627,0.23769,0.39226,0.47602,0.5502,0.55034,0.48176,0.55432
0.030844,0.018932,0.01598,0.0090773,0.0030616,0.16159,0.10921,0.21748,0.25652,0.3107,0.31076,0.27942,0.31569
0.0025895,0.0016236,-0.0039999,-0.0040354,-0.0131,0.035191,0.022166,0.079702,0.089257,0.11681,0.11682,0.11074,0.12035
0.0010984,0.0023253,0.00056159,0.0014253,0.00044548,0.0049271,0.0038469,0.014665,0.016494,0.021096,0.021096,0.02071,0.021665
-0.00015628,7.6826e-05,-0.00011562,4.4878e-05,0.00019362,-9.3016e-05,-2.7596e-05,0.0018381,0.0020359,0.0022438,0.0022429,0.0017971,0.0020364
2.0288e-05,8.3604e-05,-3.8538e-07,4.6944e-05,3.9991e-05,-5.7944e-05,-8.7429e-06,0.00016169,0.00018746,0.00021233,0.00021211,0.00016857,0.00019743
0,0,0,0,0,0,0,0,0,0,0,0,0
0,0,0,0,0,0,0,0,0,0,0,0,0
0,0,0,0,0,0,0,0,0,0,0,0,0
0,0,0,0,0,0,0,0,0,0,0,0,0
0,0,0,0,0,0,0,0,0,0,0,0,0
0,0,0,0,0,0,0,0,0,0,0,0,0
0,0,0,0,0,0,0,0,0,0,0,0,0
0,0,0,0,0,0,0,0,0,0,0,0,0
0,0,0,0,0,0,0,0,0,0,0,0,0
0,0,0,0,0,0,0,0,0,0,0,0,0
0,0,0,0,0,0,0,0,0,0,0,0,0
0,0,0,0,0,0,0,0,0,0,0,0,0
0,0,0,0,0,0,0,0,0,0,0,0,0
0,0,0,0,0,0,0,0,0,0,0,0,0
0,0,0,0,0,0,0,0,0,0,0,0,0
0,0,0,0,0,0,0,0,0,0,0,0,0
0,0,0,0,0,0,0,0,0,0,0,0,0
1.0186,0.96461,1.0254,0.99903,0.90804,0.83249,0.87708,-0.73579,-0.70239,-0.49816,-0.49799,-0.35705,-0.41554
1.0326,0.97761,1.0395,1.0126,0.92005,0.84392,0.88916,-0.74601,-0.71224,-0.50471,-0.50454,-0.36096,-0.42057
1.0494,0.99312,1.0563,1.0288,0.93425,0.85741,0.90346,-0.75806,-0.72383,-0.51226,-0.51208,-0.36541,-0.42631
1.0691,1.0112,1.0759,1.0476,0.95053,0.87281,0.9199,-0.77208,-0.73735,-0.52085,-0.52066,-0.37037,-0.43278
1.0925,1.0327,1.0989,1.0698,0.96938,0.8906,0.93903,-0.78873,-0.75347,-0.53087,-0.53068,-0.3761,-0.44028
1.1208,1.0587,1.1266,1.0964,0.99183,0.91185,0.96206,-0.80917,-0.7733,-0.54309,-0.54289,-0.38306,-0.44942
1.156,1.091,1.1609,1.1295,1.0196,0.93837,0.99088,-0.83508,-0.79842,-0.55864,-0.55844,-0.39194,-0.46107
1.2004,1.1319,1.2043,1.1714,1.0548,0.97255,1.028,-0.86859,-0.83082,-0.57897,-0.57876,-0.40366,-0.47636
1.2557,1.1831,1.2587,1.224,1.0992,1.0162,1.0754,-0.91147,-0.87216,-0.60517,-0.60495,-0.41886,-0.49612
1.3232,1.2456,1.325,1.2883,1.1535,1.0702,1.1341,-0.96525,-0.92396,-0.63818,-0.63794,-0.43801,-0.52101
1.4039,1.3206,1.4046,1.3657,1.2185,1.1359,1.2057,-1.0319,-0.9881,-0.67926,-0.679,-0.46177,-0.55195
1.499,1.4092,1.4986,1.4571,1.2952,1.2144,1.2915,-1.1136,-1.0669,-0.73006,-0.72978,-0.4912,-0.59029
1.6099,1.5127,1.6084,1.5643,1.3848,1.3076,1.3936,-1.2136,-1.1633,-0.79274,-0.79243,-0.52766,-0.63772
1.7372,1.632,1.7352,1.6883,1.4886,1.4173,1.5139,-1.3342,-1.2796,-0.86921,-0.86887,-0.57242,-0.69578
1.8757,1.7621,1.8746,1.8248,1.6037,1.5411,1.6495,-1.4736,-1.414,-0.95912,-0.95874,-0.62528,-0.76425
1.9919,1.8721,1.9954,1.9435,1.7071,1.6582,1.7765,-1.6087,-1.5436,-1.049,-1.0486,-0.67692,-0.8323
1.9261,1.8125,1.9406,1.8915,1.6712,1.6429,1.7568,-1.6026,-1.5355,-1.0503,-1.0498,-0.66989,-0.82935
1.2435,1.1746,1.2681,1.2377,1.1171,1.1098,1.1769,-1.0516,-1.0014,-0.69287,-0.69258,-0.43932,-0.54508
0.019349,0.018019,0.020806,0.019871,0.021438,0.025805,0.023634,-0.0027694,0.00034428,0.0058115,0.0058204,0.0055454,0.0070375
0.0026128,0.0017661,0.003473,0.0028868,0.0041393,0.0067218,0.0054926,0.0027976,0.0040412,0.0064259,0.0064298,0.0063941,0.0069744
0.00063661,0.0002801,0.00095875,0.00071023,0.0011873,0.0021141,0.0016652,0.0012653,0.001716,0.0029198,0.0029216,0.0030477,0.0032074
2.1702e-05,-0.00010862,0.00012657,3.2196e-05,0.00021951,0.00042278,0.00027022,0.00057462,0.00069522,0.0011902,0.0011908,0.0012875,0.0013048
-9.4744e-05,-0.00015009,-5.4062e-05,-9.6925e-05,-6.3051e-06,1.4776e-05,-4.9763e-05,0.00029179,0.00031756,0.0005104,0.00051065,0.00054413,0.00054211
-4.1822e-05,-5.6656e-05,-2.8943e-05,-4.1527e-05,-1.3585e-05,-1.7532e-05,-3.6196e-05,9.1978e-05,9.5706e-05,0.00014315,0.00014324,0.00014466,0.00014446
-3.051e-06,-3.5652e-06,-2.26e-06,-2.8064e-06,-1.0907e-06,-2.5077e-06,-3.1363e-06,3.5378e-06,3.5863e-06,4.5664e-06,4.5652e-06,4.5356e-06,4.0464e-06
-1.4761e-07,-1.7209e-07,-1.1287e-07,-1.3642e-07,-4.9911e-08,-1.8923e-07,-1.8873e-07,-1.8054e-07,-2.0717e-07,-2.7595e-07,-2.7621e-07,-3.5801e-07,-3.5082e-07
0,0,0,0,0,0,0,0,0,0,0,0,0
0,0,0,0,0,0,0,0,0,0,0,0,0
0,0,0,0,0,0,0,0,0,0,0,0,0
0,0,0,0,0,0,0,0,0,0,0,0,0
0,0,0,0,0,0,0,0,0,0,0,0,0
0,0,0,0,0,0,0,0,0,0,0,0,0
0,0,0,0,0,0,0,0,0,0,0,0,0
0,0,0,0,0,0,0,0,0,0,0,0,0
0,0,0,0,0,0,0,0,0,0,0,0,0
0,0,0,0,0,0,0,0,0,0,0,0,0
0,0,0,0,0,0,0,0,0,0,0,0,0
0,0,0,0,0,0,0,0,0,0,0,0,0
0,0,0,0,0,0,0,0,0,0,0,0,0
0,0,0,0,0,0,0,0,0,0,0,0,0
0,0,0,0,0,0,0,0,0,0,0,0,0
0,0,0,0,0,0,0,0,0,0,0,0,0
0,0,0,0,0,0,0,0,0,0,0,0,0
0,0,0,0,0,0,0,0,0,0,0,0,0
0,0,0,0,0,0,0,0,0,0,0,0,0
0,0,0,0,0,0,0,0,0,0,0,0,0
0,0,0,0,0,0,0,0,0,0,0,0,0
0,0,0,0,0,0,0,0,0,0,0,0,0
0,0,0,0,0,0,0,0,0,0,0,0,0
0,0,0,0,0,0,0,0,0,0,0,0,0
0,0,0,0,0,0,0,0,0,0,0,0,0
0,0,0,0,0,0,0,0,0,0,0,0,0
0,0,0,0,0,0,0,0,0,0,0,0,0
0,0,0,0,0,0,0,0,0,0,0,0,0
0,0,0,0,0,0,0,0,0,0,0,0,0
0,0,0,0,0,0,0,0,0,0,0,0,0
0,0,0,0,0,0,0,0,0,0,0,0,0
0,0,0,0,0,0,0,0,0,0,0,0,0
0,0,0,0,0,0,0,0,0,0,0,0,0
0,0,0,0,0,0,0,0,0,0,0,0,0
0,0,0,0,0,0,0,0,0,0,0,0,0
0,0,0,0,0,0,0,0,0,0,0,0,0
0,0,0,0,0,0,0,0,0,0,0,0,0
0,0,0,0,0,0,0,0,0,0,0,0,0
0,0,0,0,0,0,0,0,0,0,0,0,0
0,0,0,0,0,0,0,0,0,0,0,0,0
0,0,0,0,0,0,0,0,0,0,0,0,0
0,0,0,0,0,0,0,0,0,0,0,0,0
0,0,0,0,0,0,0,0,0,0,0,0,0
0,0,0,0,0,0,0,0,0,0,0,0,0
0,0,0,0,0,0,0,0,0,0,0,0,0
0,0,0,0,0,0,0,0,0,0,0,0,0
0,0,0,0,0,0,0,0,0,0,0,0,0
0,0,0,0,0,0,0,0,0,0,0,0,0
0,0,0,0,0,0,0,0,0,0,0,0,0
0,0,0,0,0,0,0,0,0,0,0,0,0
0,0,0,0,0,0,0,0,0,0,0,0,0
0,0,0,0,0,0,0,0,0,0,0,0,0
0,0,0,0,0,0,0,0,0,0,0,0,0
0,0,0,0,0,0,0,0,0,0,0,0,0
0,0,0,0,0,0,0,0,0,0,0,0,0
0,0,0,0,0,0,0,0,0,0,0,0,0
0,0,0,0,0,0,0,0,0,0,0,0,0
0,0,0,0,0,0,0,0,0,0,0,0,0
0,0,0,0,0,0,0,0,0,0,0,0,0
0,0,0,0,0,0,0,0,0,0,0,0,0
0,0,0,0,0,0,0,0,0,0,0,0,0
0,0,0,0,0,0,0,0,0,0,0,0,0
0,0,0,0,0,0,0,0,0,0,0,0,0
0,0,0,0,0,0,0,0,0,0,0,0,0
0,0,0,0,0,0,0,0,0,0,0,0,0
0,0,0,0,0,0,0,0,0,0,0,0,0
0,0,0,0,0,0,0,0,0,0,0,0,0
0,0,0,0,0,0,0,0,0,0,0,0,0
0,0,0,0,0,0,0,0,0,0,0,0,0
0,0,0,0,0,0,0,0,0,0,0,0,0
0,0,0,0,0,0,0,0,0,0,0,0,0
6.1292e-08,5.6855e-08,4.3101e-08,4.2485e-08,1.8013e-08,9.7289e-09,1.8599e-08,-3.9095e-08,-4.1028e-08,-2.4473e-08,-2.447e-08,-2.152e-08,-2.1887e-08
1.0608e-05,9.7332e-06,8.723e-06,8.4462e-06,5.2104e-06,4.8098e-06,5.9441e-06,-8.1762e-06,-8.2684e-06,-5.101e-06,-5.0996e-06,-3.1024e-06,-3.9921e-06
0.0011446,0.0010647,0.0010037,0.00097996,0.00068948,0.00056897,0.00069245,-0.00082426,-0.00082992,-0.00051237,-0.00051224,-0.00036814,-0.00042838
0.020179,0.018841,0.018903,0.018439,0.014376,0.013043,0.014937,-0.016396,-0.016234,-0.010641,-0.010638,-0.0071837,-0.0086753
0.13812,0.12834,0.13492,0.13091,0.10599,0.10802,0.11894,-0.12853,-0.12556,-0.084598,-0.084566,-0.049672,-0.064904
1.1042,1.043,1.1114,1.0872,0.95002,0.92834,1.0097,-1.0435,-1.0116,-0.71886,-0.7186,-0.45067,-0.57062
1.2328,1.1776,1.2389,1.2203,1.0643,1.0147,1.1227,-1.286,-1.2585,-0.92815,-0.92787,-0.60055,-0.75356
1.2316,1.1855,1.2384,1.227,1.0658,0.98557,1.1171,-1.4599,-1.4436,-1.117,-1.1167,-0.74545,-0.93219
1.1793,1.1464,1.1852,1.1829,1.0209,0.90701,1.0599,-1.5953,-1.5933,-1.3031,-1.3029,-0.92262,-1.1312
1.0992,1.0824,1.1027,1.1109,0.95164,0.8072,0.97639,-1.6793,-1.691,-1.4676,-1.4675,-1.1343,-1.3364
1.0052,1.0056,1.0054,1.0244,0.87144,0.70287,0.88129,-1.6964,-1.719,-1.5851,-1.5851,-1.3637,-1.5182
0.90814,0.92643,0.90322,0.93315,0.78887,0.60079,0.78184,-1.6399,-1.6696,-1.6328,-1.6329,-1.5761,-1.6417
0.81948,0.85668,0.80708,0.84837,0.71372,0.5067,0.68663,-1.5279,-1.5613,-1.6136,-1.6138,-1.7378,-1.6942
0.73544,0.79345,0.71462,0.76838,0.64446,0.41678,0.59462,-1.3808,-1.4148,-1.5413,-1.5415,-1.8241,-1.6793
0.64476,0.72294,0.61735,0.68289,0.5741,0.32592,0.49958,-1.2043,-1.2368,-1.4168,-1.4171,-1.8121,-1.5937
0.53401,0.62427,0.50264,0.57404,0.48706,0.22751,0.38877,-0.98042,-1.01,-1.207,-1.2073,-1.6474,-1.3969
0.38266,0.46698,0.35151,0.41582,0.35695,0.12304,0.25261,-0.68175,-0.70589,-0.86718,-0.86742,-1.2541,-1.0302
0.19261,0.24576,0.16954,0.20928,0.17744,0.034036,0.10867,-0.34442,-0.35987,-0.45032,-0.45046,-0.68016,-0.54561
0.044695,0.060398,0.035498,0.047343,0.03472,-0.0045744,0.017849,-0.094697,-0.10047,-0.12665,-0.1267,-0.19259,-0.15385
5.4725e-05,0.0018114,-0.0013062,4.1719e-05,-0.0021012,-0.0048191,-0.0023881,-0.0081624,-0.0091549,-0.012999,-0.013005,-0.020547,-0.016262
-0.0001722,-7.7719e-05,-0.00026391,-0.00018896,-0.0003392,-0.00041564,-0.00028836,-0.00031815,-0.00038036,-0.00057875,-0.00057908,-0.00096283,-0.00074632
-6.8151e-07,7.0256e-07,-1.373e-06,-3.8857e-07,-7.8389e-07,-3.2384e-06,-2.0734e-06,6.2996e-07,4.0823e-07,-9.5687e-07,-9.576e-07,-3.9728e-06,-2.4523e-06
1.0489e-08,2.0537e-08,7.7277e-09,1.4697e-08,1.4777e-08,-3.2585e-09,4.1762e-09,-1.0172e-08,-9.7971e-09,-2.2552e-08,-2.2541e-08,-3.7465e-08,-3.0483e-08
1.1784e-10,2.4251e-10,-1.0895e-12,1.028e-10,-5.0252e-11,-1.8352e-10,-4.7616e-11,-1.5973e-10,-1.6432e-10,-3.4607e-10,-3.4594e-10,-8.0282e-10,-5.4302e-10
7.3259e-12,5.781e-12,7.5524e-12,6.8739e-12,7.5127e-12,-3.0899e-12,-5.3273e-13,-1.7879e-11,-1.9017e-11,-1.6734e-11,-1.6731e-11,-1.1936e-11,-1.5174e-11
-5.0464e-15,4.7619e-14,-2.3849e-14,6.4729e-15,5.1962e-15,-6.0782e-14,-2.7159e-14,6.6245e-14,7.4748e-14,-7.139e-15,-7.0522e-15,-9.3739e-14,-5.3791e-14
0,0,0,0,0,0,0,0,0,0,0,0,0
0,0,0,0,0,0,0,0,0,0,0,0,0
0,0,0,0,0,0,0,0,0,0,0,0,0
0,0,0,0,0,0,0,0,0,0,0,0,0
0,0,0,0,0,0,0,0,0,0,0,0,0
0,0,0,0,0,0,0,0,0,0,0,0,0
0,0,0,0,0,0,0,0,0,0,0,0,0
0,0,0,0,0,0,0,0,0,0,0,0,0
0,0,0,0,0,0,0,0,0,0,0,0,0
0,0,0,0,0,0,0,0,0,0,0,0,0
0,0,0,0,0,0,0,0,0,0,0,0,0
0,0,0,0,0,0,0,0,0,0,0,0,0
0,0,0,0,0,0,0,0,0,0,0,0,0
0,0,0,0,0,0,0,0,0,0,0,0,0
4.0341e-09,3.498e-09,3.3237e-09,3.2204e-09,2.0016e-09,8.2474e-10,1.5909e-09,-2.6865e-09,-2.7999e-09,-1.4543e-09,-1.4542e-09,-1.4947e-09,-1.4182e-09
-1.7017e-07,-3.3215e-07,-5.4573e-07,-6.2188e-07,-1.4426e-06,-6.6108e-07,-6.5174e-07,1.6708e-07,-1.1294e-07,5.0174e-07,5.0206e-07,3.857e-07,4.6628e-07
-5.585e-07,-3.4284e-06,-6.666e-06,-8.0464e-06,-2.1415e-05,-9.1291e-06,-8.8139e-06,3.4652e-07,-3.9508e-06,6.6901e-06,6.6943e-06,5.7956e-06,6.5878e-06
0.00014847,0.00012437,0.00011989,0.00010904,4.9875e-05,5.5781e-05,7.2362e-05,-0.00012972,-0.00013692,-5.7939e-05,-5.7929e-05,-1.9063e-05,-3.7377e-05
0.004129,0.0036616,0.0037201,0.0035135,0.0025714,0.0022612,0.0026335,-0.0031953,-0.0032043,-0.0016893,-0.0016887,-0.00078416,-0.0011904
0.046287,0.04166,0.043838,0.04171,0.033607,0.030841,0.03425,-0.036197,-0.03562,-0.020217,-0.020207,-0.010354,-0.01455
0.23948,0.21573,0.23758,0.22563,0.1928,0.1944,0.20749,-0.2134,-0.20651,-0.12453,-0.12446,-0.060544,-0.087393
1.4495,1.345,1.4868,1.4353,1.317,1.2848,1.3565,-1.2947,-1.2409,-0.83079,-0.83042,-0.50878,-0.64168
1.165,1.0851,1.1839,1.1471,1.0266,0.93443,1.0321,-1.2629,-1.2444,-0.87906,-0.87879,-0.58433,-0.71724
0.93666,0.87579,0.94241,0.91747,0.79587,0.66939,0.7844,-1.2423,-1.2505,-0.93973,-0.93956,-0.67999,-0.81008
0.73498,0.69294,0.73319,0.7191,0.60434,0.46346,0.58359,-1.179,-1.2049,-0.9712,-0.97113,-0.77892,-0.88811
0.56654,0.54172,0.5602,0.55547,0.45123,0.30626,0.4236,-1.0807,-1.1175,-0.97261,-0.97262,-0.8815,-0.94669
0.42982,0.41862,0.4217,0.42371,0.3332,0.19299,0.30072,-0.9486,-0.99007,-0.93012,-0.93022,-0.95694,-0.96007
0.32242,0.32093,0.31397,0.32022,0.24521,0.11528,0.20872,-0.79027,-0.83133,-0.83812,-0.83827,-0.97248,-0.91101
0.24098,0.24646,0.23273,0.24169,0.18238,0.064453,0.14223,-0.62381,-0.66071,-0.70894,-0.70911,-0.91412,-0.80525
0.17715,0.18828,0.17011,0.18121,0.13791,0.031803,0.094646,-0.46563,-0.49599,-0.56287,-0.56304,-0.79307,-0.66399
0.12645,0.14148,0.12168,0.13404,0.10733,0.013004,0.06194,-0.32514,-0.34751,-0.41539,-0.41553,-0.62978,-0.50649
0.08425,0.10031,0.081675,0.093664,0.081574,0.0024056,0.037798,-0.20362,-0.21796,-0.27344,-0.27354,-0.44162,-0.34383
0.048207,0.061199,0.046758,0.055954,0.052798,-0.0034612,0.018492,-0.10454,-0.11222,-0.14596,-0.14602,-0.25023,-0.18934
0.019846,0.026481,0.018697,0.023304,0.022521,-0.004173,0.0056556,-0.038756,-0.041937,-0.054742,-0.054766,-0.097774,-0.072635
0.0043312,0.006004,0.0036859,0.0048817,0.0041161,-0.0015682,0.00088214,-0.0088485,-0.0096399,-0.012005,-0.012011,-0.020754,-0.015684
0.00020468,0.00043092,5.4835e-05,0.00021776,1.432e-05,-0.00047366,-0.00017733,-0.00089139,-0.001012,-0.0013288,-0.0013296,-0.0022868,-0.0017571
-2.9783e-05,-3.8782e-06,-5.0945e-05,-3.1611e-05,-5.6107e-05,-9.5908e-05,-6.6794e-05,-2.2752e-05,-3.5823e-05,-8.0465e-05,-8.0519e-05,-0.00017779,-0.00012679
-1.4422e-06,-4.6262e-07,-2.0765e-06,-1.3363e-06,-1.5385e-06,-3.5921e-06,-2.7593e-06,2.7561e-06,2.5987e-06,1.0167e-06,1.0174e-06,-1.6944e-06,-4.2876e-07
-3.3787e-09,6.808e-10,-5.3273e-09,-2.7276e-09,-4.1932e-09,-9.6518e-09,-6.9035e-09,1.1195e-08,1.1181e-08,5.24e-09,5.2497e-09,-3.4514e-09,7.4305e-10
0,0,0,0,0,0,0,0,0,0,0,0,0
0,0,0,0,0,0,0,0,0,0,0,0,0
0,0,0,0,0,0,0,0,0,0,0,0,0
0,0,0,0,0,0,0,0,0,0,0,0,0
0,0,0,0,0,0,0,0,0,0,0,0,0
0,0,0,0,0,0,0,0,0,0,0,0,0
