-0.155952719066877
-0.163503645565670
-0.161923540813513
-0.155286096539946
-0.144732745619526
-0.130717185680405
-0.110659865051732
-0.080699416021444
-0.044967411060738
-0.010554965133172
0.018210838802943
0.038031924663350
0.045720593194782
0.040664111408552
0.025751823086678
0.006512273816930
-0.011207414318084
-0.022812658694711
-0.025028135233657
-0.018257044748420
-0.005122823940007
0.009272352827251
0.014744146517404
0.009632312810050
-0.002183485368890
-0.016758344124246
-0.016883386354161
0.000623745619169
0.018328033693243
0.021125736702780
0.000433910950409
-0.005887438982901
-0.004775159884677
0.001377173596628
0.012259243187962
0.012564984004526
0.002308923265798
-0.005017058547353
0.000347952019398
0.002275577397138
-0.002062757463333
0.003861669871096
-0.026382040579919
0.003852786681767
0.004557945836905
0.005215028819192
0.005466688523663
0.005102862836283
0.003594678860736
0.000598974593034
-0.002916278402105
-0.005093430248399
-0.004658889588628
-0.001967744090422
0.001371364359354
0.003551687512160
0.003585359895790
0.001595160106729
-0.001549079654823
-0.004498949862327
-0.005471348261832
-0.003532221638453
-0.000658840451781
-0.000153354483862
-0.001344409788797
-0.001060847119798
0.000082666978768
-0.000428120177219
-0.001873307466845
-0.002221364986285
-0.001444524906739
0.001470085780310
0.006174397094909
0.004269231986883
-0.006964845902122
-0.010115887330584
0.002343905140504
0.006900636111514
-0.004252546892982
-0.010197416579617
-0.001431808489769
0.006462836820572
0.003682291539872
-0.001531679493837
0.005992125946003
-0.017103917010270
-0.011486105615348
-0.002399305061934
0.012407251449153
0.030646327143747
0.040396285590800
0.030185188294915
0.011520759847712
0.002773459447668
0.002640793610772
0.002016712607197
-0.001743808262815
-0.006120027891251
-0.008005298348064
-0.002900818637452
0.010317870257480
0.022604500048429
0.022909467275300
0.007591101430646
-0.010497358104105
-0.020176187604141
-0.014500088983160
-0.001526495904784
0.001589438017084
-0.001637056602433
-0.004080532643545
-0.006727748780399
-0.011432622516471
-0.013286454133942
0.004059859305951
0.006398609782412
-0.012284822958631
-0.013944251843906
-0.009860428092373
-0.008637337737063
-0.000494603574837
0.000560999788727
0.001101629398722
-0.001875572750397
-0.003226677009100
0.003690857404720
0.017355199529484
0.000442339498105
0.000362082716306
0.000269905265987
0.000166429176129
0.000055258433357
-0.000053986747186
-0.000149160925457
-0.000217591944501
-0.000242653833460
-0.000228305932127
-0.000194173086186
-0.000186333307332
-0.000219278387281
-0.000291525344843
-0.000379437602067
-0.000451846103479
-0.000494712120883
-0.000518874611249
-0.000535485940342
-0.000507646938029
-0.000418279499843
-0.000296853562984
-0.000179288484300
-0.000066242214241
0.000024048389527
0.000078032757066
0.000106118823030
0.000119820350601
0.000123038457963
0.000118163494901
0.000103834895570
0.000082984714434
0.000068433203121
0.000061398688295
0.000053473966078
0.000044294264433
0.000037533328184
0.000032673254073
0.000028269231761
0.000023516618843
0.000020738885529
0.000018390213270
0.011502574628737
0.022624591952505
0.022885301904150
0.016332743180917
0.008784928827636
0.011815870757493
0.030151089744728
0.048054053518851
0.048264270293171
0.036731204626374
0.026060852870508
0.023078358983253
0.028127275477676
0.035634367809516
0.037899305567683
0.032235247697613
0.023278714617989
0.017613667082252
0.023279068043416
0.032048740954585
0.033547682372093
0.026509524279927
0.021929232764476
0.029037062001447
0.036927234628454
0.034082652357394
0.013365882029643
-0.010929567817006
-0.010884348153357
0.003358519702297
0.008203342466017
-0.005572832487291
0.000000000000000
0.015741529619987
0.019500458714555
0.000000000000000
0.000000000000000
-0.014004321842927
0.010189729785921
0.020174820562070
0.010281827668681
0.000000000000000
-0.003589217722694
-0.002841835670840
-0.002155855709020
-0.001679164573747
-0.003098351822397
0.000014195743252
-0.000418664296686
-0.003463458582434
0.000207428440521
0.000054824775081
0.000018231165637
0.000043124391458
0.000050294407426
0.000122010053725
0.000072652271898
0.000027615600828
-0.000132034141710
-0.000129832734103
0.000481478543439
0.000332772054783
0.000512921518928
-0.000004868843338
-0.000388497936786
0.000088453217100
-0.000105451581504
0.000000000000000
0.000000000000000
0.000000000000000
0.000000000000000
0.000000000000000
0.000000000000000
0.000000000000000
0.000000000000000
0.000000000000000
0.000000000000000
0.000000000000000
0.000000000000000
0.000000000000000
0.000000000000000
0.000000000000000
0.000000000000000
0.000000000000000
-0.001765792439997
-0.001717945442425
-0.001585581558453
-0.001265115661851
-0.000687051016387
0.000093006498090
0.000818799870555
0.001122450785846
0.000683467849722
-0.000529667303472
-0.001247606287680
-0.000032205142096
0.001641382398859
0.001344243864149
-0.001626577969158
-0.006781837458457
-0.010604541651892
0.000692632236553
0.000764704879864
0.000453022528444
0.000094446534909
-0.000008676021902
0.000009180739919
-0.000000538507911
-0.000000765270485
-0.000000070498207
0.000000000000000
0.000000000000000
0.000000000000000
0.000000000000000
0.000000000000000
0.000000000000000
0.000000000000000
0.000000000000000
0.000000000000000
0.000000000000000
0.000000000000000
0.000000000000000
0.000000000000000
0.000000000000000
0.000000000000000
0.000000000000000
0.000000000000000
0.000000000000000
0.000000000000000
0.000000000000000
0.000000000000000
0.000000000000000
0.000000000000000
0.000000000000000
0.000000000000000
0.000000000000000
0.000000000000000
0.000000000000000
0.000000000000000
0.000000000000000
0.000000000000000
0.000000000000000
0.000000000000000
0.000000000000000
0.000000000000000
0.000000000000000
0.000000000000000
0.000000000000000
0.000000000000000
0.000000000000000
0.000000000000000
0.000000000000000
0.000000000000000
0.000000000000000
0.000000000000000
0.000000000000000
0.000000000000000
0.000000000000000
0.000000000000000
0.000000000000000
0.000000000000000
0.000000000000000
0.000000000000000
0.000000000000000
0.000000000000000
0.000000000000000
0.000000000000000
0.000000000000000
0.000000000000000
0.000000000000000
0.000000000000000
0.000000000000000
0.000000000000000
0.000000000000000
0.000000000000000
0.000000000000000
0.000000000000000
0.000000000000000
0.000000000000000
0.000000000000000
0.000000000000000
-0.000000000115531
-0.000000056214158
-0.000001945671414
-0.000088498343851
-0.003131334886494
-0.007123316721884
-0.011906978554568
-0.018968480587555
-0.023961220267914
-0.015627339246672
0.005097433070939
0.013618259737992
0.007644787741582
0.015099738449809
0.024905407428125
0.011295167339940
-0.002928385283164
-0.000455534265131
0.001563017325434
0.000463187762690
0.000053198720774
0.000001895560309
0.000000029817144
0.000000000052789
0.000000000000267
0.000000000000000
0.000000000000000
0.000000000000000
0.000000000000000
0.000000000000000
0.000000000000000
0.000000000000000
0.000000000000000
0.000000000000000
0.000000000000000
0.000000000000000
0.000000000000000
0.000000000000000
0.000000000000000
0.000000000000000
0.000000000000000
0.000000000000000
0.000000000000000
0.000000000000000
0.000000000000000
0.000000000000000
0.000000000000000
0.000000000000000
0.000000000000000
0.000000000000000
0.000000000000000
0.000000000000000
0.000000000000000
0.000000000000000
0.000000000000000
0.000000000000000
0.000000000000000
0.000000000000000
0.000000000000000
0.000000000000000
0.000000000000000
0.000000000000000
0.000000000000000
0.000000000000000
0.000000000000000
0.000000000000000
0.000000000000000
0.000000000000000
0.000000000000000
0.000000000000000
0.000000000000000
