0.009445560773990
0.009884397766537
0.010088376616699
0.009802464146667
0.009188093610643
0.008354678752214
0.007410418858234
0.006558653342028
0.006090410950710
0.006045908988113
0.006164953458914
0.006038449391019
0.005396775250261
0.004463985080592
0.003389465815528
0.001899988372454
0.000377586869912
-0.000553975550505
-0.000988487584557
-0.000738135830989
0.000521934897553
0.002679310496225
0.004361464507608
0.004700201395091
0.004417066942251
0.003598728753288
0.002649075808661
0.001627958483121
-0.000837223530243
-0.003675206986932
-0.003563815419986
-0.001779722846435
-0.002293082021731
0.000880356004542
0.001536973788990
0.001256120908041
0.002504422850335
0.003710097932837
0.003019515128542
0.001925947305932
0.001953712661269
0.003434173211853
-0.003220473416557
-0.005405266617519
-0.004902135979570
-0.004402340880431
-0.003939354276083
-0.003592089074404
-0.003468488901897
-0.003690263772697
-0.004328996972459
-0.005291278068112
-0.006284369591269
-0.006995146603067
-0.007461534990981
-0.008084813335228
-0.009163943853670
-0.010572304695109
-0.012047456211437
-0.013429023023502
-0.014404679580442
-0.014877790377203
-0.015328311433690
-0.015311664983723
-0.012906565610158
-0.007235935272486
0.000165689511526
0.007085872038322
0.012247148679489
0.014956521630484
0.015276717540810
0.014113534870316
0.011924529550902
0.008005024762945
0.002299328500301
-0.000966629868535
0.000864322723943
0.002333082879343
0.001626803963940
0.000606228099363
0.000076284409105
-0.000493575158832
-0.000960315124509
-0.000670525415457
-0.000381678457237
-0.017186142563319
-0.015053274041096
-0.012153495389424
-0.009070469946798
-0.005646952435138
-0.001748290518358
0.001931023891779
0.004373094237676
0.005185690166896
0.004024510392586
0.001830457699863
0.000175590544944
-0.001457137319140
-0.003393614875674
-0.005646189737600
-0.006109756035003
-0.003592660380843
0.000057447768283
0.004082418780808
0.002951062906484
-0.002200125469818
-0.006394968049918
-0.006984495749196
-0.005589533580134
-0.005139775848576
-0.005307083699683
-0.003740180471466
-0.000677369889512
0.003959361384735
0.011547444413177
0.011625383112168
0.000532457316501
0.000844399799668
0.002812604029787
-0.000838038535193
-0.002951139923188
0.000328029325217
0.001817807416720
-0.000619160615291
-0.001426007981493
0.002704796947826
0.004746926311925
-0.000280566695632
-0.000268209844540
-0.000256859225584
-0.000244186404837
-0.000229173851183
-0.000214312383052
-0.000198969233762
-0.000185069361040
-0.000171969949169
-0.000160946615157
-0.000146174888855
-0.000134633210391
-0.000126065165285
-0.000126366809266
-0.000123765761172
-0.000119725509147
-0.000112615779631
-0.000107967832661
-0.000093992627979
-0.000072343796374
-0.000052183855268
-0.000032422086267
-0.000006530709933
0.000018391831687
0.000035279571958
0.000047043606753
0.000056193117786
0.000062662401213
0.000065190399788
0.000062626113439
0.000056069417466
0.000048037322255
0.000039973966395
0.000032580147136
0.000026214257902
0.000020892541974
0.000016189489240
0.000011986469966
0.000008149487400
0.000004681697628
0.000001335579643
0.000002854326077
-0.001632754609866
-0.003435016802746
-0.003653039072797
-0.003250855927994
-0.002142958648519
-0.000556249642566
0.001353682480814
0.002719202795812
0.002391544312092
0.000864863000786
-0.000134165783439
0.001315009603497
0.005670569196105
0.011191432223849
0.016452828660412
0.021182148895721
0.025652765249490
0.027523789769792
0.026461689476367
0.022532820644032
0.012876073702582
-0.001170921030282
-0.014999371172265
-0.025142073874270
-0.031905421253028
-0.035081697947835
-0.034197941074679
-0.030755918003374
-0.024604916285691
-0.014429624339372
-0.003057165735661
-0.004572187080536
-0.001788072526035
0.002306534961998
0.002027825944513
-0.000854207313542
-0.003840878255477
-0.004799165903297
-0.008465314524838
-0.012315415317689
-0.010297335415850
0.000000000000000
-0.000001013818156
0.000015051246829
0.000118275381364
0.000608774910906
0.002033873309206
0.004997499770248
0.009156845826047
0.012944887748710
0.015134791528585
0.014680020437733
0.013952643496805
0.018542940834197
0.026752565508851
0.032775610300403
0.031963403307301
0.029745798769146
0.033291929383176
0.040940977989360
0.046214829047722
0.058207183228935
0.058872063986887
0.038676046495990
0.022188973186027
0.015733562081761
0.011988524721782
0.003930053944110
0.000768258416463
-0.000000000000001
0.000000000000031
0.000000000000000
0.000000000000000
0.000000000000000
0.000000000000000
0.000000000000000
0.000000000000000
0.000000000000000
0.000000000000000
0.000000000000000
0.000000000000000
0.000000000000000
0.000000000000000
0.000000000000000
0.011902480640912
0.012174395016460
0.012669799558555
0.013432670380619
0.014540539165790
0.016069005167066
0.018088377245472
0.020666849118186
0.023860884492806
0.027688316293974
0.032064397249369
0.036552960525879
0.040014097387137
0.040952074890646
0.038161361681703
0.030614926575711
0.016994588063965
-0.002573446286548
-0.021044222903254
-0.015808459108973
0.000928479886765
0.000696591430125
0.000483784595135
0.000582602602704
0.000127749632267
0.000005981620140
0.000001874702965
0.000000054259669
0.000000000000000
0.000000000000000
0.000000000000000
0.000000000000000
0.000000000000000
0.000000000000000
0.000000000000000
0.000000000000000
0.000000000000000
0.000000000000000
0.000000000000000
0.000000000000000
0.000000000000000
0.000000000000000
0.000000000000000
0.000000000000000
0.000000000000000
0.000000000000000
0.000000000000000
0.000000000000000
0.000000000000000
0.000000000000000
0.000000000000000
0.000000000000000
0.000000000000000
0.000000000000000
0.000000000000000
0.000000000000000
0.000000000000000
0.000000000000000
0.000000000000000
0.000000015393439
0.000041251936884
0.001091336018903
0.002501158985169
0.001854734457779
0.001119337942822
0.000231952794799
0.003232745939232
0.009260923407334
-0.010502276746954
-0.004123074993177
-0.014152510276132
-0.018202571847322
-0.014596902744380
-0.007879266217836
-0.003359815433011
-0.000551771955318
0.000005585778990
0.000000589613927
-0.000000000140158
0.000000000000000
0.000000000000000
0.000000000000000
0.000000000000000
0.000000000000000
0.000000000000000
0.000000000000000
0.000000000000000
0.000000000000000
0.000000000000000
0.000000000000000
0.000000000000000
0.000000000000000
0.000000000000000
0.000000000000000
0.000000000000000
0.000000000000000
0.000000000000000
0.000000000527692
0.000000290359628
0.000016527079021
0.000276805772202
0.001950074813622
0.014246260906239
0.022219349790669
0.021410306439164
0.013005297544740
0.000668910202195
-0.010621481035126
-0.018069621351343
-0.020894514369392
-0.021891679558574
-0.024154073956136
-0.025578086899933
-0.020922404838569
-0.008848385906869
-0.000470908997451
-0.001843596651867
-0.000635856517255
-0.000000285489550
-0.000000005932860
-0.000000005964353
-0.000000001355991
-0.000000000061297
-0.000000000000107
0.000000000000000
0.000000000000000
-0.000024541002338
-0.000026759259623
-0.000027148076073
-0.000025898856226
-0.000023385799954
-0.000018643957485
-0.000007610353975
0.000020256737997
0.000080455473507
0.000203747684619
0.000458515843597
0.000988867128552
0.002102779331117
0.004450792398156
0.009102601385823
0.017327548757693
0.029263210875031
0.039616243029707
0.036005800538511
-0.000842965501958
-0.023824659955269
-0.011681683025165
0.001591633849713
0.010238297810923
0.012592229457946
0.008821913405557
0.002069771572093
-0.004565020016123
-0.009710760359413
-0.011561828509138
-0.010317206602380
-0.007169849653701
-0.003293573806416
-0.000456880154119
0.000000669149044
-0.000000005899538
-0.000000001740906
-0.000000000152122
0.000000000000000
0.000000000000000
0.000000000000000
0.000000000000000
