-0.000771805564421
-0.001761425962563
-0.002536715333960
-0.002335652763812
-0.001955912452839
-0.001845918269685
-0.001525053176766
-0.000765058177745
-0.000332712031329
-0.000933642847154
-0.002539887582438
-0.004262854509819
-0.005598777323681
-0.006526065202308
-0.005679269788270
-0.003244519506451
-0.000790918187004
0.001694036139798
0.004698503802310
0.006340537975755
0.002822467212597
-0.006478912261545
-0.016334876583589
-0.021368469496248
-0.019573801316088
-0.010286514703886
-0.001064289534627
0.002902144066483
0.006168410217875
0.004611249425963
-0.009144802547433
-0.023999225996606
-0.021208883890994
-0.022502168919871
-0.013020196070826
-0.007970213520013
-0.016201103714588
-0.022171461155655
-0.016807103304940
-0.008588563350535
-0.007776534013935
-0.023442524137027
-0.015739743090304
0.018665756099714
0.017939616031607
0.016270588213984
0.013940346534989
0.010992725769890
0.007439422809367
0.003274100538598
-0.001270932764847
-0.005294630345766
-0.006817572571832
-0.003439319539799
0.006255223183536
0.021565642180569
0.039706261004590
0.056841114411860
0.069058880407738
0.073006935322254
0.066734668608388
0.051855862963196
0.034423090810254
0.020813813805230
0.012175441679238
0.004699523174218
-0.006358540481656
-0.021458660286653
-0.034858591454862
-0.039255668307800
-0.032964991453836
-0.020432158415175
-0.004422976567574
0.019501463488538
0.043899074658366
0.023989549281049
-0.019194171188611
-0.020001680557938
0.004327173623886
0.013051110535867
0.001838941352028
-0.006538749941042
-0.004514641348075
0.003059759170884
-0.002039222235546
0.020992893998977
0.018347010502639
0.014633747770750
0.012487231100935
0.010937154169604
0.008751899394672
0.006109601195370
0.000732863461523
-0.009905964726119
-0.022705812756630
-0.030421093521252
-0.029170802327663
-0.018872432760697
-0.002993576501440
0.014654524760511
0.029120000432018
0.034128192551587
0.012200700051365
-0.035486198582309
-0.065398787074976
-0.077931206365253
-0.065001110904480
-0.029708113671081
0.013530708912351
0.039104280624902
0.032584685631197
0.005391564527283
-0.019134897173741
-0.027828622957379
-0.020444436099229
0.014836085437418
0.042452699975852
0.021067434497838
0.008649274199032
0.011805226326731
0.006637899489381
-0.016179655263100
-0.018087758806064
0.005143829972046
0.007896199979599
-0.016348022317233
-0.026488025098672
-0.000401274840434
-0.000479353756745
-0.000563052333634
-0.000651117957890
-0.000751505219074
-0.000865041908405
-0.000990799744512
-0.001082768284745
-0.001126800649556
-0.001133380750889
-0.001141055893089
-0.001136516175158
-0.001096943530570
-0.001024258615872
-0.000918775000537
-0.000813781693631
-0.000757014935302
-0.000729778103944
-0.000680538790105
-0.000609522269366
-0.000545767436037
-0.000491723889345
-0.000482416091646
-0.000492138072117
-0.000484189386984
-0.000452287906430
-0.000406343903477
-0.000350537285475
-0.000288376123795
-0.000223893196992
-0.000166248525415
-0.000124145003362
-0.000097542659403
-0.000077217618577
-0.000059616750139
-0.000046151297806
-0.000035002396716
-0.000025451274930
-0.000016917453989
-0.000009572435684
-0.000002814223346
-0.000000262344563
-0.015784552400064
-0.013240471107013
-0.012324165138248
-0.011550391197210
-0.010139044474860
-0.007532778259368
-0.004833644391720
-0.001652070064378
-0.000752593645531
-0.006726701991494
-0.018106672537115
-0.029334763045143
-0.038688634723360
-0.049108681256471
-0.061845273451412
-0.073828087914527
-0.075530763988474
-0.053888095466630
-0.016221932357693
0.033146037313386
0.089945978626136
0.150123427943357
0.195553961841748
0.211974707714058
0.196300100950375
0.152256849110874
0.100301247982108
0.063273679691249
0.039329360664804
0.021342044102192
0.013637662264135
0.021135559655548
-0.015877283671625
-0.014686237850696
0.007296482814582
0.023146113719130
0.026024314049073
0.010900302580001
-0.004617772861833
-0.004353708572544
0.003215170125905
0.000000000000000
-0.000044075782600
-0.000084747787869
-0.000035408077349
0.000614324679281
0.003098396671004
0.008843081672779
0.018195519966290
0.026092028869804
0.019445582138614
-0.008741929856022
-0.041462414644812
-0.058063472657948
-0.053822065851645
-0.037187275642367
-0.021731801437281
-0.017228757099620
-0.018686925985412
-0.027975716495364
-0.017841827891525
-0.034577099571691
-0.051525824463471
-0.046335859171459
-0.042158499329484
-0.042224911528558
-0.042654177540252
-0.016454223423703
-0.001594979387083
0.000000000000651
-0.000000000000058
0.000000000000000
0.000000000000000
0.000000000000000
0.000000000000000
0.000000000000000
0.000000000000000
0.000000000000000
0.000000000000000
0.000000000000000
0.000000000000000
0.000000000000000
0.000000000000000
0.000000000000000
-0.003140306011441
-0.001955706331021
-0.000695236962164
0.000642479518403
0.002070038322274
0.003601682512067
0.005220455644479
0.006780814143751
0.008045925898095
0.008936208047931
0.009893201462523
0.012090749627924
0.016542673869515
0.022484502700637
0.027677691817921
0.030494820600518
0.030671827604486
0.030935918759057
0.026244723794591
0.001648504038903
-0.004032781562993
-0.001120770724092
-0.001097665774875
-0.001708307428768
-0.000529873254221
-0.000026886677131
-0.000003768424982
-0.000000147548640
0.000000000000000
0.000000000000000
0.000000000000000
0.000000000000000
0.000000000000000
0.000000000000000
0.000000000000000
0.000000000000000
0.000000000000000
0.000000000000000
0.000000000000000
0.000000000000000
0.000000000000000
0.000000000000000
0.000000000000000
0.000000000000000
0.000000000000000
0.000000000000000
0.000000000000000
0.000000000000000
0.000000000000000
0.000000000000000
0.000000000000000
0.000000000000000
0.000000000000000
0.000000000000000
0.000000000000000
0.000000000000000
0.000000000000000
0.000000000000000
0.000000000000000
-0.000000046205677
-0.000021002598071
-0.000437692799838
-0.000567151808333
0.000849040082587
0.003650803367264
0.013542300855388
0.060821302839174
-0.012975527616824
0.048774518016404
0.007424389196559
0.010798541019286
0.013880021963575
-0.001127578686245
-0.013467313782269
-0.002734605288306
0.000963983725957
0.000034736812621
-0.000001264827795
-0.000000000033778
0.000000000000000
0.000000000000000
0.000000000000000
0.000000000000000
0.000000000000000
0.000000000000000
0.000000000000000
0.000000000000000
0.000000000000000
0.000000000000000
0.000000000000000
0.000000000000000
0.000000000000000
0.000000000000000
0.000000000000000
0.000000000000000
0.000000000000000
0.000000000000000
-0.000000004571247
-0.000001943062014
-0.000112267928790
-0.001851706046301
-0.012725214204362
-0.095725893161785
-0.122516381062401
-0.107089400357644
-0.059508347611621
0.004128391616487
0.049519087856449
0.045071394120152
-0.008361465175489
-0.058889550529392
-0.061539288947928
-0.025330994762579
-0.001362153641589
-0.028099226353764
-0.047360261942465
-0.011042337862321
0.000670437525767
0.000041097944990
-0.000000045787392
-0.000000011133238
-0.000000001650370
-0.000000000086422
-0.000000000000208
0.000000000000000
0.000000000000000
0.000014902380267
0.000028955197262
0.000038583895501
0.000050038820242
0.000071979571394
0.000103225256207
0.000145626915972
0.000219621631002
0.000328452527035
0.000464514575719
0.000639925646430
0.000860143369914
0.001103255316059
0.001218721880476
0.000933369625633
-0.000449963981437
-0.002458268623402
0.002728728370390
0.011343412278420
0.034700260697968
0.017972211767623
-0.005653783838404
-0.025584107415461
-0.040765416522529
-0.052676170066613
-0.054298346758809
-0.045528011734086
-0.030891453185216
-0.017152316710862
-0.010822176938387
-0.008580046858366
-0.003507012234746
0.002159985373364
0.001141622970743
0.000034238690879
-0.000000021051939
-0.000000000965189
-0.000000000095794
0.000000000000000
0.000000000000000
0.000000000000000
0.000000000000000
