6.7339
6.7339
6.7339
6.7339
6.7339
6.7339
6.7339
6.7339
6.7339
6.7339
6.7339
6.7339
6.7339
6.7339
6.7339
6.7339
6.7339
6.7339
6.7339
6.7339
6.7339
6.7339
6.7339
6.7339
6.7339
6.7339
6.7339
6.7339
6.7339
6.7339
6.7339
6.7339
6.7339
6.7339
6.7339
6.7339
6.7339
6.7339
6.7339
6.7339
6.7339
6.7339
0.0042516
0.10376
0.21296
0.32311
0.43208
0.53915
0.64389
0.74648
0.84689
0.94511
1.0411
1.1331
1.2179
1.2929
1.359
1.4206
1.4802
1.5325
1.5671
1.5828
1.5915
1.6053
1.6253
1.6468
1.6709
1.698
1.716
1.6945
1.5949
1.3911
1.0875
0.74471
0.46732
0.34007
0.32659
0.34635
0.38104
0.41783
0.4724
0.55454
0.48679
0.32034
0.079976
1.4208
1.3415
1.2293
1.1352
1.0583
1.0083
0.9925
0.99988
1.0164
1.0387
1.0709
1.1109
1.1578
1.2048
1.2422
1.2682
1.3014
1.2903
1.1831
1.1306
1.122
1.1316
1.1531
1.1901
1.2356
1.2605
1.2565
1.2275
1.1615
1.0456
1.1897
1.8157
2.1025
2.0443
1.9487
2.0058
1.9114
1.8575
1.8894
2.078
2.4999
1.6025
451.72
451.72
451.72
451.72
451.72
451.72
451.72
451.72
451.72
451.72
451.72
451.72
451.72
451.72
451.72
451.72
451.72
451.72
451.72
451.72
451.72
451.72
451.72
451.72
451.72
451.72
451.72
451.72
451.72
451.72
451.72
451.72
451.72
451.72
451.72
451.72
451.72
451.72
451.72
451.72
451.72
451.72
0.0014363
0.001521
0.0015479
0.0015903
0.0016445
0.0017023
0.0017316
0.001746
0.0017576
0.0017696
0.0017857
0.0017984
0.0017975
0.0017552
0.0016572
0.0015024
0.0013021
0.0011279
0.0010544
0.0010061
0.00095094
0.00085532
0.00070775
0.00052518
0.00034239
0.00019607
9.9645e-05
4.4864e-05
1.7987e-05
6.4546e-06
2.3688e-06
1.4281e-06
1.3226e-06
1.8255e-06
1.8311e-06
1.3215e-06
1.0057e-06
1.048e-06
1.1354e-06
1.2486e-06
1.2822e-06
8.0034e-07
0.00017704
0.00017704
0.00017704
0.00017704
0.00017704
0.00017704
0.00017704
0.00017704
0.00017704
0.00017704
0.00017704
0.00017704
0.00017704
0.00017704
0.00017704
0.00017704
0.00017704
0.00017704
0.00017704
0.00017704
0.00017704
0.00017704
0.00017704
0.00017704
0.00017704
0.00017704
0.00017704
0.00017704
0.00017704
0.00017704
0.00017704
0.00017704
0.00017704
0.00017704
0.00017704
0.00017704
0.00017704
0.00017704
0.00017704
0.00017704
0.00017704
0.00017704
0.00056513
0.00056513
0.00056513
0.00056513
0.00056513
0.00056513
0.00056513
0.00056513
0.00056513
0.00056513
0.00056513
0.00056513
0.00056513
0.00056513
0.00056513
0.00056513
0.00056513
0.00056513
0.00056513
0.00056513
0.00056513
0.00056513
0.00056513
0.00056513
0.00056513
0.00056513
0.00056513
0.00056513
0.00056513
0.00056513
0.00056513
0.00056513
0.00056513
0.00056513
0.00056513
0.00056513
0.00056513
0.00056513
0.00056513
0.00056513
0.00056513
0.00056513
8.7841e-06
8.7841e-06
8.7841e-06
8.7841e-06
8.7841e-06
8.7841e-06
8.7841e-06
8.7841e-06
8.7841e-06
8.7841e-06
8.7841e-06
8.7841e-06
8.7841e-06
8.7841e-06
8.7841e-06
8.7841e-06
8.7841e-06
8.7841e-06
8.7841e-06
8.7841e-06
8.7841e-06
8.7841e-06
8.7841e-06
8.7841e-06
8.7841e-06
8.7841e-06
8.7841e-06
8.7841e-06
8.7841e-06
8.7841e-06
8.7841e-06
8.7841e-06
8.7841e-06
8.7841e-06
8.7841e-06
8.7841e-06
8.7841e-06
8.7841e-06
8.7841e-06
8.7841e-06
8.7841e-06
8.7841e-06
0.00065334
0.00065334
0.00065334
0.00065334
0.00065334
0.00065334
0.00065334
0.00065334
0.00065334
0.00065334
0.00065334
0.00065334
0.00065334
0.00065334
0.00065334
0.00065334
0.00065334
0.00065334
0.00065334
0.00065334
0.00065334
0.00065334
0.00065334
0.00065334
0.00065334
0.00065334
0.00065334
0.00065334
0.00065334
0.00065334
0.00065334
0.00065334
0.00065334
0.00065334
0.00065334
0.00065334
0.00065334
0.00065334
0.00065334
0.00065334
0.00065334
0.00065334
0.00022672
0.00022672
0.00022672
0.00022672
0.00022672
0.00022672
0.00022672
0.00022672
0.00022672
0.00022672
0.00022672
0.00022672
0.00022672
0.00022672
0.00022672
0.00022672
0.00022672
0.00022672
0.00022672
0.00022672
0.00022672
0.00022672
0.00022672
0.00022672
0.00022672
0.00022672
0.00022672
0.00022672
0.00022672
0.00022672
0.00022672
0.00022672
0.00022672
0.00022672
0.00022672
0.00022672
0.00022672
0.00022672
0.00022672
0.00022672
0.00022672
0.00022672
