9.5047
9.7942
9.8874
9.9224
9.9498
9.9937
10.05
10.071
10.048
9.9813
9.882
9.7638
9.6233
9.4454
9.1782
8.824
8.4173
7.9908
7.5923
7.2285
6.886
6.594
6.291
6.0377
6.0801
6.4948
7.2864
8.068
8.4011
8.0105
7.1448
6.7614
8.085
10.379
12.534
14.435
16.305
18.368
20.757
23.255
25.304
27.714
3.0148e-07
0.014559
0.031346
0.049892
0.069764
0.090046
0.10823
0.11887
0.11557
0.097581
0.071411
0.044279
0.020697
0.0028412
-0.0088454
-0.014982
-0.017333
-0.018726
-0.02051
-0.020803
-0.018759
-0.017468
-0.018368
-0.019349
-0.021899
-0.023917
-0.023994
-0.02083
-0.01441
-0.0054299
0.0047222
0.011974
0.01142
0.0049991
0.00044852
0.00056763
0.0014272
0.00036167
-0.0012085
-0.0027261
-0.0052585
-0.0057314
-0.0019503
300.89
300.18
299.43
298.57
297.59
296.53
295.44
294.36
293.27
292.15
290.94
289.55
287.93
286.07
283.94
281.49
278.7
275.64
272.43
269.06
265.38
261.28
256.66
251.43
245.54
239.01
231.91
224.43
216.82
209.51
203.16
198.75
197.28
198.95
202.48
206.48
210.26
213.5
216.36
219.43
222.92
226.37
1.0026e+05
99389
98390
97246
95940
94456
92777
90887
88772
86419
83819
80968
77866
74521
70951
67178
63235
59159
54996
50795
46608
42485
38472
34612
30939
27482
24259
21284
18560
16087
13857
11860
10080
8504
7114.3
5894.1
4826
3894.2
3083.8
2380.4
1770.7
1243.8
0.019074
0.018652
0.018433
0.018244
0.018021
0.017695
0.017172
0.01641
0.015346
0.014083
0.012833
0.011633
0.010482
0.0093681
0.0082789
0.0072583
0.0063553
0.0055284
0.0046522
0.0036949
0.0027829
0.0019913
0.0013545
0.00088321
0.00055547
0.00033441
0.00018736
9.5135e-05
4.4118e-05
1.9723e-05
9.3965e-06
5.4919e-06
4.1283e-06
3.233e-06
2.096e-06
1.5986e-06
2.4973e-06
4.3208e-06
5.5413e-06
5.0181e-06
3.9428e-06
3.2528e-06
8.3314e-09
1.4999e-08
9.2188e-08
6.1181e-07
3.2325e-06
1.53e-05
5.6793e-05
0.00011082
0.00012837
0.00011513
8.9267e-05
6.2886e-05
4.3661e-05
2.9616e-05
2.0622e-05
1.5233e-05
1.3618e-05
1.372e-05
2.5029e-06
6.6215e-07
2.6448e-07
1.3228e-07
5.0964e-08
7.2411e-09
8.1299e-10
0
0
0
0
0
0
0
0
0
0
0
0
0
0
0
0
0
2.6398e-05
2.7026e-05
2.795e-05
2.9192e-05
3.0776e-05
3.2686e-05
3.4846e-05
3.7063e-05
3.8662e-05
3.8042e-05
3.3577e-05
2.5635e-05
1.7309e-05
1.0992e-05
7.001e-06
4.6955e-06
3.2563e-06
1.9741e-06
3.604e-07
1.8626e-07
9.3338e-08
2.6787e-08
6.5031e-09
1.6601e-09
1.4256e-10
5.9451e-12
0
0
0
0
0
0
0
0
0
0
0
0
0
0
0
0
0
0
0
0
0
0
0
0
0
0
0
0
0
0
0
0
0
2.3835e-13
1.2365e-10
8.0375e-10
1.2818e-09
1.8992e-09
3.8645e-09
9.9703e-09
2.2051e-08
4.3858e-08
2.2482e-07
6.7464e-07
9.8906e-07
8.3566e-07
4.8403e-07
2.1039e-07
5.6266e-08
3.3001e-09
1.7048e-12
0
0
0
0
0
0
0
0
0
0
0
0
0
0
0
0
0
0
0
0
4.6629e-15
1.0229e-11
9.4604e-10
5.0977e-08
7.6783e-07
9.5423e-06
1.1919e-05
1.4918e-05
1.8816e-05
2.3288e-05
2.7608e-05
3.1344e-05
3.4428e-05
3.6883e-05
3.6361e-05
2.9926e-05
1.7976e-05
7.0024e-06
1.6792e-06
2.4095e-07
2.0224e-08
3.2844e-10
1.9649e-12
8.6092e-15
9.3748e-17
0
0
0
0
0
0
0
0
0
0
0
0
0
0
0
0
0
1.0594e-13
4.8776e-12
1.4727e-10
2.8328e-09
3.8277e-08
3.7941e-07
2.9457e-07
2.8071e-07
2.9751e-07
3.1101e-07
3.3606e-07
3.5363e-07
3.6662e-07
3.7137e-07
3.3755e-07
2.5483e-07
1.4751e-07
6.1237e-08
1.7399e-08
3.1125e-09
3.8354e-10
8.9806e-12
3.2565e-15
0
0
0
0
0
0
