0.021509124469677
0.022325609519219
0.021820762424347
0.021066936035404
0.020161780009053
0.018756924005778
0.015475781504182
0.010229272500347
0.004056981974004
-0.001863866972962
-0.006683848375399
-0.009578121259544
-0.010188237841117
-0.008819391061310
-0.006127856747274
-0.003241286581268
-0.001508568056579
0.000255432445122
0.004748813581696
0.008704290289414
0.007540800145265
0.003221103095912
-0.001270344397474
-0.007556007129522
-0.012108654813599
-0.011045562811065
-0.007479043653341
-0.003084067885679
0.003484628861031
0.004991365688236
0.001492581056122
-0.002658538033827
0.002405099946439
0.005779489999087
-0.000942223662507
-0.008860512578860
-0.010783679981473
-0.003772998902054
0.006155224677671
0.008920026364382
0.006400185104832
0.002067999748381
0.002632710519351
0.001625788272759
0.001539967915605
0.001208172558480
0.000706656174509
0.000077119758625
-0.000690767894026
-0.001798344761775
-0.003617284135087
-0.006139054686418
-0.008481195044192
-0.009276469260480
-0.007938303572955
-0.004947194885066
-0.000561376896062
0.005912761182823
0.014366351597378
0.022114003954349
0.026006833159331
0.026191061175665
0.025360593258093
0.024352514513828
0.021674469534603
0.017519564976831
0.013880049766110
0.010453214980752
0.004570179735240
-0.004785476652530
-0.014672392313773
-0.018886625599191
-0.010058492759240
0.013983919055070
0.035126720008545
0.020492424029094
-0.007103992767255
-0.008273963605441
0.005324118096781
0.010057088328838
0.004437606387716
-0.001111771288506
-0.004489261955643
-0.006505521879730
0.000583712020719
-0.000095194575521
-0.001407530102920
-0.003351004550928
-0.004627011901933
-0.003850141923109
-0.000136867937470
0.002428494370283
0.000245359972119
-0.003388776376270
-0.005527039915076
-0.004578811315631
-0.001747814263125
-0.001219429028666
-0.005628582201469
-0.012454145221250
-0.014326673587180
-0.002433423412809
0.009271709057645
0.006605537318302
0.007891944601716
0.002492799081430
-0.012935427898484
-0.030702755109382
-0.037103900872468
-0.023150983191741
-0.003590337869081
0.008640567940911
0.009915133086456
0.001119650792882
-0.010185017814413
-0.014912787822682
-0.018073642185208
-0.013314260057497
0.001778125345644
0.009080039211303
-0.007492770682531
-0.024025636697874
-0.013361225912610
0.009064734360306
0.010775961370463
-0.006528682034172
-0.020330044218505
0.000239156505372
0.000255186534747
0.000274981490959
0.000296716636330
0.000322166914058
0.000351818086924
0.000380942893523
0.000408060145426
0.000436901675761
0.000480320676669
0.000537932747779
0.000611459360469
0.000688912353108
0.000756796288414
0.000797209286454
0.000805525691117
0.000778831307889
0.000727806276374
0.000669984391537
0.000609015244260
0.000546599851100
0.000482085459913
0.000414273495023
0.000349808487817
0.000290801349630
0.000234739897713
0.000177077203895
0.000121232484705
0.000071488831273
0.000031148379727
0.000002366486266
-0.000012561137516
-0.000015276466396
-0.000013226041334
-0.000011334628238
-0.000009952193312
-0.000008984141044
-0.000008241955651
-0.000007655992995
-0.000007164611784
-0.000006450892777
0.000000946916994
0.002160473454710
0.001338920214272
0.001124851863732
0.000285005890282
-0.002251787013103
-0.005364875474285
-0.004596518995511
-0.000207258897082
0.000915667969250
-0.005162673721492
-0.018031076570817
-0.031612436396810
-0.039969037550907
-0.042302554333880
-0.041573695134506
-0.039712323364027
-0.037829275299701
-0.037948173355189
-0.041950859160583
-0.041202405995453
-0.030790421017618
-0.010697122676226
0.012429751698556
0.035211069443996
0.055470295385433
0.071669922145192
0.078330458199475
0.069043920681589
0.049093685806984
0.028233784683407
0.011970431546513
0.008079814054514
0.008538111984200
-0.006663996600039
-0.023844955980198
0.000000000000000
0.000000000000000
0.013238266254066
0.014590687253776
-0.001322875591426
-0.008134219831091
-0.012682859603098
0.000005496802205
0.000013233779705
0.000098340268000
0.000348785213830
0.001228574886769
0.003610136104902
0.009249245805597
0.018347446187079
0.025961824628283
0.017431494865310
-0.002491756259794
-0.009215330205771
-0.001275738630889
0.004412396738912
-0.000394564989146
-0.003946262893136
0.002636512975974
0.004757455250759
-0.003846609061923
-0.023842866735826
-0.016434618114094
0.003578784585668
0.012040419869579
0.007923124042694
-0.000041281627540
-0.000817682499534
-0.001235622737737
-0.000000000000040
-0.000000000000024
0.000000000000000
0.000000000000000
0.000000000000000
0.000000000000000
0.000000000000000
0.000000000000000
0.000000000000000
0.000000000000000
0.000000000000000
0.000000000000000
0.000000000000000
0.000000000000000
0.000000000000000
-0.007511923848651
-0.006775951605001
-0.005930463162106
-0.004929199947873
-0.003702238479909
-0.002176816558267
-0.000339479998180
0.001809420292269
0.004214925162482
0.006744397927941
0.009378166936830
0.012045884207191
0.013748499016149
0.013301137582625
0.010492200252323
0.005611732697449
-0.000339863782440
-0.001369590645496
0.002308576788244
-0.005239713594277
-0.002883186110734
0.000110806926708
0.000164943700537
-0.000116165871962
0.000013851887057
-0.000003692664700
-0.000002075921413
-0.000000108071046
0.000000000000000
0.000000000000000
0.000000000000000
0.000000000000000
0.000000000000000
0.000000000000000
0.000000000000000
0.000000000000000
0.000000000000000
0.000000000000000
0.000000000000000
0.000000000000000
0.000000000000000
0.000000000000000
0.000000000000000
0.000000000000000
0.000000000000000
0.000000000000000
0.000000000000000
0.000000000000000
0.000000000000000
0.000000000000000
0.000000000000000
0.000000000000000
0.000000000000000
0.000000000000000
0.000000000000000
0.000000000000000
0.000000000000000
0.000000000000000
0.000000000000000
0.000000016594631
-0.000041785324796
-0.000666319694216
-0.000386129486517
-0.000471116215856
-0.000905846104212
-0.001482826276940
0.000045319542104
-0.006492046748872
0.024899997424865
0.004456843186337
0.002396932178622
-0.005243484238128
-0.007807958383881
-0.002365789390500
0.000925508310080
0.000511675760481
0.000002222514893
0.000000014725668
-0.000000000011093
0.000000000000000
0.000000000000000
0.000000000000000
0.000000000000000
0.000000000000000
0.000000000000000
0.000000000000000
0.000000000000000
0.000000000000000
0.000000000000000
0.000000000000000
0.000000000000000
0.000000000000000
0.000000000000000
0.000000000000000
0.000000000000000
0.000000000000000
0.000000000000000
-0.000000003134038
-0.000001315878858
-0.000099899593907
-0.001911615560528
-0.015154457836312
-0.124482949718763
-0.163583619185216
-0.182115338046929
-0.177059162899106
-0.142007301969632
-0.078658841620701
0.000527626388239
0.072368565023873
0.117834777878672
0.131056207161333
0.114387789747204
0.075215481851605
0.035404629384696
0.010492745449125
0.002144370943782
0.000274217319548
0.000016012357475
-0.000000061470735
-0.000000002828629
-0.000000000801336
-0.000000000038665
-0.000000000000088
0.000000000000000
0.000000000000000
-0.000073460198761
-0.000070357995183
-0.000074322094244
-0.000079029452985
-0.000079121073958
-0.000075235067293
-0.000066572261396
-0.000044048078806
-0.000009589925895
0.000025407011730
0.000068575976912
0.000161857768839
0.000453644695981
0.001351747176067
0.003568902219206
0.007794521279828
0.014560689662414
0.023370789295179
0.014597532447675
0.005432180164248
-0.008835504115166
-0.018981659354280
-0.025601932450161
-0.029116630909497
-0.029683834460779
-0.029958469772434
-0.030891833269991
-0.031840341575906
-0.030531474254494
-0.026037887433910
-0.017367587045295
-0.007038106857417
-0.000681385514779
0.000375252004436
0.000021353088582
-0.000000028754336
-0.000000000609544
-0.000000000024889
0.000000000000000
0.000000000000000
0.000000000000000
0.000000000000000
