0.000301044791324
0.000348289129004
0.000411772449698
0.000422059753233
0.000377116600222
0.000114858795393
0.000288137755452
-0.000130902899718
-0.000786687290257
-0.000817037273836
-0.000556912979305
-0.000170336120356
0.001275651782451
0.003881410229145
0.005960315496447
0.005877901205534
0.004343820748588
0.001659464465901
-0.000781219052043
-0.005729126641229
-0.007804665665743
-0.003379327145189
0.002496310821680
0.007124966748602
0.007758551853877
0.001983733738842
-0.002781523488094
-0.002612527982856
-0.000926493363006
-0.001685571624148
-0.005609591047401
-0.008950012616591
0.004023521224812
0.004338965087027
0.000885217742040
0.003115875876423
0.011615618028437
0.017662883644071
0.013331151403062
-0.005416726801472
-0.018006332196674
-0.004936487870969
-0.001717386537125
0.004054047966433
0.003761445738929
0.003401230826014
0.002895938475408
0.002242283447777
0.001577156836388
0.001156551996921
0.001238659449472
0.002080455237520
0.003771418869601
0.005611356910527
0.005807245281730
0.003171414341186
-0.000488574531410
-0.001441814684294
-0.000342478569927
-0.001558785625309
-0.005124651977539
-0.006227017034576
-0.003477219381648
0.000390203431268
0.003068944008823
0.004054644718015
0.003437371363866
0.001030852818739
-0.001302273615029
-0.000912004974995
0.001479130415980
0.001087210448709
-0.002965226593518
-0.003428220028265
0.002244006634884
0.003152291366694
-0.002541890314420
-0.001106894248133
0.005916470388892
0.006385583960630
0.000864231723460
-0.000951772206322
0.002612134501655
0.006285808886302
-0.006552583715430
0.005112142929748
0.005140743402415
0.005008064507645
0.004105174661091
0.002347082468334
-0.001335358750922
-0.004116824801107
-0.002713634760157
-0.003401211208516
-0.008095954011692
-0.008377709457735
-0.011472319134120
-0.009471806250410
-0.009603513123288
-0.008376150893963
-0.006676739177513
-0.008534979181621
-0.011569843581443
-0.007658796633622
0.002145270569224
0.013379535836293
0.026256080106199
0.035911886807452
0.034172974552669
0.019503381541878
0.002999925696774
-0.005433025604356
-0.001853492714505
-0.001699580000758
-0.012772152609850
-0.003780498041388
0.011509337297644
0.013563732908443
0.003789377503798
0.001998578719775
0.004847562367705
0.008295990123628
0.004044090116511
-0.008695186871558
-0.011255700867594
0.003358754342287
0.003211500546097
0.000498821862189
0.000487526481997
0.000474115020278
0.000459878383931
0.000443232082321
0.000426925144994
0.000410101751123
0.000387298333552
0.000340846116933
0.000271266947449
0.000171016312944
0.000044016063746
-0.000106538046130
-0.000259680019195
-0.000399263299771
-0.000504255054078
-0.000561317318070
-0.000568793604754
-0.000540493635480
-0.000493408615704
-0.000440430312190
-0.000387870641634
-0.000345411857303
-0.000302221729715
-0.000263612572296
-0.000229033969863
-0.000194203529775
-0.000160316983973
-0.000130081277612
-0.000106842382569
-0.000090465054314
-0.000077962286414
-0.000066748239139
-0.000055913036726
-0.000045523521933
-0.000035328783757
-0.000025808310825
-0.000017770179801
-0.000011490916434
-0.000006551572961
-0.000002593645915
-0.000001841639834
0.002195267404736
0.001581202316756
0.001123981272772
0.000580653618253
-0.000257311282178
-0.001738176047224
-0.005792418079453
-0.009914259896996
-0.006991547008948
0.000329087213363
0.011343931983415
0.023449985157963
0.031995057006833
0.037535129835101
0.043131408760103
0.053054348329504
0.060590319491908
0.056362245746894
0.039426419544069
0.012410754643919
-0.021061406141439
-0.059963274580988
-0.093191807233703
-0.112770567812069
-0.120889849571133
-0.120738013953057
-0.100476134567770
-0.055645855740643
-0.012787062728762
0.005998753722740
-0.001245878305428
-0.013990820681057
0.000000000000000
0.005724372095571
0.026682446947113
0.000000000000000
0.000000000000000
-0.000375469109603
-0.002793575426782
0.000406309118579
0.002305101384861
-0.005336859933077
0.000007820093270
0.000011965104635
-0.000008792477755
-0.000143606277059
-0.001603775669633
-0.007238315791855
-0.018405497651227
-0.018181976097459
-0.012413625764767
-0.020922390104133
-0.006423405275449
-0.020806006481837
-0.027690328488930
-0.038935511708990
-0.033196155835654
-0.000035770635063
0.025118888971814
0.033473110297011
0.004924160509823
0.001169623168456
0.000413220953558
0.000101893440349
-0.000038471049578
-0.000022534686114
-0.000002384267552
0.000000000000000
0.000000000000000
0.000000000000000
0.000000000000000
0.000000000000000
0.000000000000000
0.000000000000000
0.000000000000000
0.000000000000000
0.000000000000000
0.000000000000000
0.000000000000000
0.000000000000000
0.000000000000000
0.000000000000000
0.000000000000000
0.000000000000000
0.007248569291681
0.005418094606014
0.003184215707639
0.000520050747456
-0.002548298992228
-0.005846229193442
-0.008938729102702
-0.010878811369107
-0.009708254921478
-0.002075726612980
0.014669764089555
0.034068029024990
0.043515727053037
0.041699002384593
0.037733269034267
0.033456961046609
0.027524272140255
0.017830511624818
0.001054203509239
0.000307582999741
0.000087943160621
-0.000005701085122
-0.000003116311376
0.000000524276499
0.000000069427936
0.000000002010679
0.000000000000000
0.000000000000000
0.000000000000000
0.000000000000000
0.000000000000000
0.000000000000000
0.000000000000000
0.000000000000000
0.000000000000000
0.000000000000000
0.000000000000000
0.000000000000000
0.000000000000000
0.000000000000000
0.000000000000000
0.000000000000000
0.000000000000000
0.000000000000000
0.000000000000000
0.000000000000000
0.000000000000000
0.000000000000000
0.000000000000000
0.000000000000000
0.000000000000000
0.000000000000000
0.000000000000000
0.000000000000000
0.000000000000000
0.000000000000000
0.000000000000000
0.000000000000000
0.000000000000000
0.000000000000000
0.000000000000000
0.000000000000000
0.000000000000000
0.000000000000000
0.000000000000000
0.000000000000000
0.000000000000000
0.000000000000000
0.000000000000000
0.000000000000000
0.000000000000000
0.000000000000000
0.000000000000000
0.000000000000000
0.000000000000000
0.000000000000000
0.000000000000000
0.000000000000000
0.000000000000000
0.000000000000000
0.000000000000000
0.000000000000000
0.000000000000000
0.000000000000000
0.000000000000000
0.000000000000000
0.000000000000000
0.000000000000000
0.000000000000000
0.000000000000000
0.000000000000000
0.000000000000000
0.000000000000000
0.000000000000000
0.000000000000000
0.000000000000000
0.000000000000000
0.000000000072857
0.000000121027634
0.000012441161284
0.000768592534620
0.010287077832584
0.126398835779952
0.152910826028936
0.164655744337277
0.152309360587815
0.117753115506975
0.069194442558004
0.016200036275905
-0.034272117152894
-0.064086253559223
-0.063334399448266
-0.048455755839325
-0.033956276674927
-0.017145965897326
-0.003802407357028
-0.000415179350659
-0.000025974278842
0.000000205042346
0.000000006975920
-0.000000000001213
-0.000000000000277
0.000000000000000
0.000000000000000
0.000000000000000
0.000000000000000
0.000000000000000
0.000000000000000
0.000000000000000
0.000000000000000
0.000000000000000
0.000000000000000
0.000000000000000
0.000000000000000
0.000000000000000
0.000000000000000
0.000000000000000
0.000000000000000
0.000000000000000
0.000000000000000
0.000000000000000
0.000000000000000
0.000000000000000
0.000000000000000
0.000000000000000
0.000000000000000
0.000000000000000
0.000000000000000
0.000000000000000
0.000000000000000
0.000000000000000
0.000000000000000
0.000000000000000
0.000000000000000
0.000000000000000
0.000000000000000
0.000000000000000
0.000000000000000
0.000000000000000
0.000000000000000
0.000000000000000
0.000000000000000
0.000000000000000
0.000000000000000
0.000000000000000
0.000000000000000
0.000000000000000
0.000000000000000
