-0.074462676014423
-0.078252452769080
-0.078378438189664
-0.076479456987161
-0.072754481561128
-0.066632804242929
-0.056965709377193
-0.043544891016289
-0.027961341457071
-0.012653958850945
0.000499539682060
0.010057035257252
0.015179503139127
0.015555345976315
0.013116786234969
0.009482478196015
0.004280353951492
-0.003528407104222
-0.012459959857919
-0.019262750375894
-0.020247876276480
-0.015113027217410
-0.003721133008497
0.010179701388217
0.020337335570000
0.024813316973923
0.024928472209005
0.019758045307859
0.009038759869871
0.008912940851284
0.005510892479422
-0.007805014031956
-0.000675951709421
-0.007581701891488
-0.013101453062234
-0.009488640237583
0.004616465514626
0.019132523151849
0.021623768182903
0.006953449061058
-0.007095624272115
0.004341428808145
-0.011668552547285
0.005684569349496
0.005085642910481
0.004052087397598
0.002380563347534
0.000211707261925
-0.001969984712282
-0.003387854291753
-0.003375717548210
-0.001936547640272
0.000380602524378
0.003008805509043
0.005355040388396
0.006558909575501
0.005566139972109
0.001915524689295
-0.003328279433856
-0.007633357061657
-0.006693773873695
0.004661315240050
0.022709116040974
0.031303096629007
0.022146798566828
0.009669522704507
0.009994407235696
0.022206292314423
0.034131335427054
0.034638604471071
0.023210314990179
0.005818187933742
-0.012926868147995
-0.025537940154488
-0.021848491956464
-0.004261461393445
0.014959422679507
0.016462261867094
-0.000048154155242
-0.005489411972065
0.014086961307406
0.027095266590636
0.011326552612691
-0.015397412689870
0.016924901765075
0.015249186786898
0.017969538901396
0.019768249822697
0.020791358095133
0.020855767360986
0.019313714680813
0.015916518111211
0.011169707330962
0.005335978123330
-0.001919425526014
-0.006957124576655
-0.005380914014169
0.002102287873148
0.009449820009884
0.009935313343149
0.000294729117317
-0.013094715279094
-0.020155898400744
-0.019889348620203
-0.005745595882444
0.028438499638673
0.058272755350747
0.058215993546235
0.035609596854499
0.011031053198805
0.006122923148424
0.015734494201485
0.029109600411176
0.035758297921450
0.018865176889811
-0.017784593237120
-0.037039150406757
-0.035462596204253
-0.012739026612457
-0.003617295865177
-0.025528157756592
-0.038512974646301
-0.032789401528189
-0.017214580702952
-0.007072187356826
0.004930633370923
0.006169884456865
0.002079536732975
0.002088662490365
0.002091197178693
0.002087099725751
0.002080875424133
0.002095257868166
0.002161900264719
0.002292959039505
0.002469833524832
0.002637993872222
0.002775911200264
0.002861152161086
0.002872309072118
0.002811941245049
0.002688635466169
0.002538632729047
0.002395134118211
0.002231019761855
0.002041221769162
0.001847077118364
0.001669758648507
0.001495057081345
0.001341405978539
0.001230387411133
0.001160749225878
0.001090809525116
0.000999242565139
0.000879667520898
0.000735726876390
0.000579296774214
0.000430038671040
0.000319373839064
0.000255436523318
0.000212366887927
0.000175535989933
0.000143885827072
0.000116104375210
0.000090393482194
0.000066101394699
0.000045782398487
0.000029098383303
0.000010304553865
0.008239820430147
0.014809440805808
0.017667963152941
0.016950766505812
0.012755653465979
0.005690479701814
-0.004366173460493
-0.014416326167184
-0.017545902075623
-0.013151877652200
-0.007120903888823
-0.004653483389597
-0.007522441347461
-0.012202014593325
-0.010708768129401
0.004862317231651
0.030856311508400
0.046972369217962
0.043673039596374
0.025827004611869
-0.019019028147710
-0.084107620587235
-0.145176372770421
-0.170231890801170
-0.149013964926296
-0.108055979028519
-0.067523714699922
-0.038983151528092
-0.023870246398461
-0.014841475805310
-0.004250460263908
0.010155301459019
0.014887300674750
0.012738937856555
0.010607688960804
0.000000000000000
0.000000000000000
0.000000000000000
-0.041002696063947
-0.008357944741690
0.024594780529505
0.000000000000000
0.000009180189370
0.000038712961639
0.000158054097249
0.000901919686893
0.002661805300149
0.006051244222029
0.005824506947723
-0.002879314995643
-0.001100703341624
-0.000111699236676
0.000046627788501
0.000064212190080
-0.000050934573605
-0.000206171421181
-0.000398852749162
-0.000259498766874
-0.003204158210097
0.004712077819477
0.008453510189464
0.009565739550851
0.022993476972998
0.074436735296246
-0.000385847082270
-0.001769942540767
-0.000177974258077
0.000000000000000
0.000000000000000
0.000000000000000
0.000000000000000
0.000000000000000
0.000000000000000
0.000000000000000
0.000000000000000
0.000000000000000
0.000000000000000
0.000000000000000
0.000000000000000
0.000000000000000
0.000000000000000
0.000000000000000
0.000000000000000
0.000000000000000
0.006222203212972
0.006293404841967
0.006413722496965
0.006583011424288
0.006799725386272
0.007079290260285
0.007464272512205
0.008041085773247
0.008883595072978
0.009927042675283
0.011038326829125
0.012291467859108
0.014103354385965
0.017116480373589
0.021725561064110
0.027336683321534
0.030934008432464
0.024804436156027
0.004625918068367
0.002624319491656
0.001148418676481
0.000441108468685
0.000095356768891
-0.000001582990829
-0.000000231834353
0.000000080806880
0.000000000000000
0.000000000000000
0.000000000000000
0.000000000000000
0.000000000000000
0.000000000000000
0.000000000000000
0.000000000000000
0.000000000000000
0.000000000000000
0.000000000000000
0.000000000000000
0.000000000000000
0.000000000000000
0.000000000000000
0.000000000000000
0.000000000000000
0.000000000000000
0.000000000000000
0.000000000000000
0.000000000000000
0.000000000000000
0.000000000000000
0.000000000000000
0.000000000000000
0.000000000000000
0.000000000000000
0.000000000000000
0.000000000000000
0.000000000000000
0.000000000000000
0.000000000000000
0.000000000000000
0.000000000000000
0.000000000000000
0.000000000000000
0.000000000000000
0.000000000000000
0.000000000000000
0.000000000000000
0.000000000000000
0.000000000000000
0.000000000000000
0.000000000000000
0.000000000000000
0.000000000000000
0.000000000000000
0.000000000000000
0.000000000000000
0.000000000000000
0.000000000000000
0.000000000000000
0.000000000000000
0.000000000000000
0.000000000000000
0.000000000000000
0.000000000000000
0.000000000000000
0.000000000000000
0.000000000000000
0.000000000000000
0.000000000000000
0.000000000000000
0.000000000000000
0.000000000000000
0.000000000000000
0.000000000000000
0.000000000000000
0.000000000000000
0.000000000000000
0.000000000000000
-0.000000000396376
-0.000000301619633
0.000002111250351
0.000195836924387
0.001130675704961
0.014902738758698
0.014821701315033
0.003211019258984
-0.022463953258389
-0.049400814334006
-0.052570164196378
-0.025953440252012
0.013730552619094
0.042045733524721
0.050249335751452
0.047686774447531
0.048559094007847
0.040337687104447
0.014987820397971
0.001846907594835
0.000085974533924
-0.000000730969391
-0.000000007540723
0.000000000115803
-0.000000000001845
-0.000000000000027
0.000000000000000
0.000000000000000
0.000000000000000
0.000000000000000
0.000000000000000
0.000000000000000
0.000000000000000
0.000000000000000
0.000000000000000
0.000000000000000
0.000000000000000
0.000000000000000
0.000000000000000
0.000000000000000
0.000000000143434
0.000000108625099
0.000001621585629
-0.000003394950811
-0.000235809552219
-0.002565722727899
-0.014818670696891
-0.031854135179558
0.010265305427989
0.024860968763196
0.013800836282808
0.000612544052766
0.007829141895424
0.023319582980713
0.024866746280997
0.008568911266847
-0.012318944792193
-0.021358961723178
-0.013603364723024
-0.002157990223655
0.000575397399880
0.000110420059063
-0.000002428888880
-0.000001111739188
-0.000000002588542
0.000000000000000
0.000000000000000
0.000000000000000
0.000000000000000
0.000000000000000
0.000000000000000
