-0.026023099574031
-0.026502563181365
-0.026424989747212
-0.026448929416013
-0.026693756826572
-0.026460588505460
-0.023779039475950
-0.018251674045556
-0.011880703966506
-0.006078455682268
-0.001219290674695
0.002876727256729
0.006372534396283
0.009324889781741
0.011688505380190
0.013818112567750
0.016495034383081
0.018505119947654
0.017822273541784
0.014678079498645
0.009859838051205
0.003014526118041
-0.004956961129611
-0.008525979539070
-0.007745918336435
-0.006969811888406
-0.007798697060201
-0.009049917380649
-0.009326796273675
-0.006899275255642
-0.000574707990807
0.002667799015352
-0.012092422876619
-0.018372680391434
-0.007871563298603
0.003943909500749
0.007299100786769
0.006439547580263
0.006644369546601
0.007580886341577
-0.004562609811730
-0.026868682624044
-0.002455047940787
0.028878043518072
0.027233232781038
0.024515081277508
0.020377956679807
0.014578772197529
0.007330700725643
0.000084161214942
-0.004145714431497
-0.002019218127664
0.007663015065935
0.022618685581053
0.039120648445534
0.054610088013822
0.067404329826051
0.074949705036813
0.074450563133885
0.065763280770586
0.051622791289585
0.034549558921876
0.016517061704299
0.002160883207399
-0.002781013105099
0.002093496102474
0.010283213307082
0.012661842547253
0.006954199154609
-0.001454511848059
-0.006003426778835
-0.004683658780919
-0.001515824867333
-0.001761137972346
-0.004142460092699
-0.004842386465344
-0.007005222782532
-0.006434240728838
-0.000396188079526
0.002589778295942
-0.001521196532694
-0.005119187517303
-0.002618236859878
0.002796108686324
-0.001713172479266
0.041607612978352
0.040760584462478
0.038247242799718
0.033131951542997
0.023122568331992
0.007742940193405
-0.003931842008017
-0.003315264295590
0.004942821791873
0.015277205315903
0.022826309939923
0.024259997844574
0.021863805941652
0.022168111493875
0.029039688798686
0.042135049032753
0.057389760493968
0.056532739481016
0.035407385977471
0.012814554749038
-0.009718772390192
-0.020848799487509
-0.015599475365943
0.005409691707802
0.024652407168477
0.026874935321462
0.012377197766889
-0.009368114413570
-0.016896704815283
0.003880383594236
0.017507152702235
0.007077521793773
-0.007273273339681
-0.012142639262537
-0.008175371397033
-0.005400140605187
-0.010786001116595
-0.015008807858887
-0.010320079140142
-0.003006889027902
-0.004608855196357
-0.007186696319627
0.000303669336261
0.000306992406035
0.000311884467669
0.000318940318599
0.000328348724381
0.000340579496689
0.000356911198105
0.000383147676023
0.000410070416403
0.000416511030790
0.000388264336570
0.000323693449587
0.000230336733360
0.000111762008415
-0.000025028488151
-0.000173228610041
-0.000318029303714
-0.000445846247647
-0.000549639241151
-0.000624285906191
-0.000676780954452
-0.000714982493350
-0.000746479378438
-0.000761232681419
-0.000742899055684
-0.000697029185679
-0.000637569185958
-0.000575892346362
-0.000517171700334
-0.000461662658911
-0.000406525296690
-0.000349953785158
-0.000293597700490
-0.000240526777937
-0.000193850345657
-0.000154072733162
-0.000119668616337
-0.000089829428617
-0.000064068358855
-0.000041749793048
-0.000021800850689
-0.000005693350517
-0.002139235496094
0.002253277259931
0.005520447568739
0.009954120266413
0.016596986805215
0.023596857943259
0.023750400442154
0.014528767583548
0.005180533269845
0.005857544000752
0.021136003902548
0.045154135443156
0.067116048928002
0.080494231719105
0.084810654914750
0.079871675540251
0.064106897163701
0.042198573170425
0.024049337234982
0.018060591696770
0.019214948201832
0.024929372749554
0.034972186474334
0.044283074866146
0.046596574871669
0.036701984025428
0.015125546973972
-0.007334525069759
-0.020492037757506
-0.021445624568504
-0.008195425012135
-0.000354555889853
-0.002590449045970
0.001905382850359
0.004554149164530
0.000000000000000
0.000000000000000
0.011302485384765
0.010286352915117
0.003906872759681
0.012571397447757
0.025644354645595
-0.000083736595394
-0.000094528504338
-0.000182855556264
-0.000796957424922
-0.003313588850015
-0.011145640522849
-0.030622804500754
-0.068478560857981
-0.116874074959831
-0.129999870138543
-0.085901991619358
-0.034035305548252
-0.017557027574653
-0.024838871314954
-0.030996413088627
-0.034611098574392
-0.055534899861153
-0.096409994019952
-0.067024002012359
-0.042439439032409
-0.043883215912244
-0.052270001725460
-0.054084097718577
-0.046223429031086
-0.029783596205239
-0.014594541793137
-0.002055724260313
-0.000000000000349
0.000000000000001
0.000000000000000
0.000000000000000
0.000000000000000
0.000000000000000
0.000000000000000
0.000000000000000
0.000000000000000
0.000000000000000
0.000000000000000
0.000000000000000
0.000000000000000
0.000000000000000
0.000000000000000
0.022997475472703
0.024178705999627
0.025492457024164
0.026886155211894
0.028343320073865
0.029831940049002
0.031232529429938
0.032432784600918
0.033515883077463
0.034940154769105
0.036746533444402
0.036965829283042
0.033099481402794
0.024473239337728
0.010495367520165
-0.009431805602670
-0.032477620072964
-0.048328184713943
-0.053248978490382
-0.042983936132813
-0.013829652946471
-0.005717273318396
-0.003265195202813
-0.001922964167947
-0.000519188020565
-0.000045609209027
-0.000003425132716
-0.000000061257790
0.000000000000000
0.000000000000000
0.000000000000000
0.000000000000000
0.000000000000000
0.000000000000000
0.000000000000000
0.000000000000000
0.000000000000000
0.000000000000000
0.000000000000000
0.000000000000000
0.000000000000000
0.000000000000000
0.000000000000000
0.000000000000000
0.000000000000000
0.000000000000000
0.000000000000000
0.000000000000000
0.000000000000000
0.000000000000000
0.000000000000000
0.000000000000000
0.000000000000000
0.000000000000000
0.000000000000000
0.000000000000000
0.000000000000000
0.000000000000000
0.000000000000000
-0.000000117861279
-0.000015113868781
0.000391236921603
0.001715019591038
0.001732369622675
0.002635455368005
0.005256791438217
0.011064496508152
0.021914722739058
-0.016782477120338
0.002257839166826
0.007147603961530
0.018981141956305
0.028745138035149
0.018752033101727
0.004546357114699
0.000337558127272
0.000011242881117
0.000001293188246
0.000000000194953
0.000000000000000
0.000000000000000
0.000000000000000
0.000000000000000
0.000000000000000
0.000000000000000
0.000000000000000
0.000000000000000
0.000000000000000
0.000000000000000
0.000000000000000
0.000000000000000
0.000000000000000
0.000000000000000
0.000000000000000
0.000000000000000
0.000000000000000
0.000000000000000
-0.000000007814164
-0.000001603365034
-0.000105976913479
-0.001829596435631
-0.013950996493775
-0.093417968403620
-0.096312061695352
-0.073073450444950
-0.030437854418847
0.021157064330176
0.061049697178078
0.065986562809376
0.029255378372658
-0.026855501676087
-0.065782297692131
-0.062656766491222
-0.017694885329414
0.026916350157537
0.026589494753314
0.006526466536241
0.000294204179977
0.000006921392244
0.000000012288120
0.000000008741653
0.000000001006286
0.000000000019869
0.000000000000092
0.000000000000000
0.000000000000000
0.000151202772403
0.000182224342984
0.000219080960442
0.000260834956459
0.000315752262578
0.000389678965535
0.000486292731331
0.000630174099872
0.000860808069172
0.001268187055120
0.001993069063739
0.003272563603830
0.005570836222753
0.009790417671964
0.017368681477104
0.030188743428337
0.049643837055557
0.073647144378873
0.076729890068349
0.036987397480116
-0.008334057636706
-0.016238845970111
-0.016175280397847
-0.012050709397208
-0.007852454825670
-0.005688191063743
-0.001401618762909
0.006767243289545
0.015533394689154
0.021324717841708
0.019573226580293
0.010724555780230
0.002859604350043
0.000186305376106
0.000003762999727
0.000000000499629
0.000000001645340
0.000000000093895
0.000000000000000
0.000000000000000
0.000000000000000
0.000000000000000
