0.24937,0.28324,0.26497,0.30298,0.24133,0.13016,0.25348,-0.28111,-0.26354,-0.37538,-0.37537,-0.39008,-0.3854
0.26472,0.30025,0.28145,0.32119,0.25675,0.13805,0.26785,-0.30001,-0.28178,-0.40137,-0.40136,-0.41681,-0.41207
0.272,0.30709,0.28905,0.32856,0.25957,0.13813,0.27176,-0.31167,-0.29346,-0.41271,-0.41269,-0.42685,-0.42285
0.27586,0.31008,0.29301,0.33193,0.25763,0.13408,0.27156,-0.32537,-0.30743,-0.42471,-0.42469,-0.43701,-0.43397
0.27783,0.31113,0.29498,0.33333,0.25314,0.12732,0.26888,-0.34122,-0.32378,-0.43839,-0.43837,-0.44884,-0.4467
0.27776,0.31032,0.29493,0.33285,0.24752,0.11941,0.26447,-0.35649,-0.33968,-0.45214,-0.45212,-0.46107,-0.4597
0.27641,0.30838,0.29338,0.33106,0.24174,0.11169,0.25941,-0.36902,-0.35277,-0.4641,-0.46409,-0.47176,-0.47114
0.27502,0.3064,0.29122,0.32878,0.23546,0.10424,0.2542,-0.3782,-0.36241,-0.47246,-0.47245,-0.47887,-0.47904
0.2732,0.30389,0.28768,0.32513,0.22704,0.096012,0.24763,-0.38392,-0.36861,-0.47623,-0.47622,-0.48108,-0.48215
0.2689,0.29878,0.28042,0.31773,0.21454,0.085338,0.23749,-0.38594,-0.37128,-0.47546,-0.47544,-0.47891,-0.48075
0.26108,0.29015,0.26909,0.30628,0.19868,0.072947,0.22443,-0.3853,-0.37138,-0.47196,-0.47195,-0.47433,-0.47673
0.24984,0.27812,0.25521,0.29218,0.18208,0.060995,0.21086,-0.38429,-0.37107,-0.46868,-0.46866,-0.46903,-0.47259
0.23663,0.26414,0.24149,0.27794,0.16747,0.050617,0.19869,-0.38533,-0.37276,-0.46787,-0.46786,-0.46502,-0.47054
0.22398,0.25058,0.23042,0.26588,0.15628,0.04222,0.18884,-0.38788,-0.37588,-0.46828,-0.46827,-0.46171,-0.46959
0.21117,0.23679,0.22028,0.25454,0.14775,0.035122,0.18024,-0.39003,-0.37837,-0.47006,-0.47005,-0.45951,-0.47019
0.19576,0.22046,0.20807,0.24104,0.14066,0.027831,0.17038,-0.39075,-0.37941,-0.47285,-0.47284,-0.45888,-0.47228
0.18003,0.2039,0.19556,0.22705,0.13594,0.020601,0.15975,-0.39171,-0.38082,-0.47669,-0.47668,-0.46,-0.47568
0.16636,0.18947,0.18491,0.21476,0.13387,0.014559,0.14949,-0.39194,-0.38168,-0.47952,-0.47951,-0.46025,-0.47783
0.15635,0.17883,0.17661,0.20504,0.13296,0.01153,0.14134,-0.38607,-0.37633,-0.47573,-0.47572,-0.45389,-0.47311
0.14957,0.17149,0.17078,0.19825,0.13126,0.0097381,0.13593,-0.37917,-0.36969,-0.46784,-0.46782,-0.44428,-0.46434
0.14152,0.16282,0.1619,0.18874,0.12345,0.0037412,0.12674,-0.37134,-0.36233,-0.45528,-0.45527,-0.43201,-0.45147
0.13315,0.1536,0.1522,0.17821,0.11274,-0.0026529,0.11647,-0.35736,-0.34903,-0.43177,-0.43176,-0.41134,-0.4286
0.12527,0.14444,0.14253,0.16709,0.10173,-0.0069766,0.10651,-0.3382,-0.33094,-0.40201,-0.402,-0.3865,-0.40029
0.1167,0.13421,0.1313,0.1539,0.089144,-0.010599,0.095633,-0.3162,-0.31027,-0.36951,-0.3695,-0.35896,-0.369
0.11152,0.12702,0.12492,0.14508,0.080424,-0.0071051,0.091577,-0.28969,-0.28456,-0.33022,-0.33021,-0.32229,-0.32929
0.10299,0.11598,0.11574,0.13265,0.070485,0.00088236,0.087898,-0.25089,-0.24646,-0.27575,-0.27574,-0.26733,-0.27259
0.086124,0.09611,0.096875,0.10959,0.055616,0.0097716,0.077365,-0.19227,-0.18894,-0.20191,-0.2019,-0.19261,-0.19645
0.066048,0.073372,0.074296,0.083259,0.04144,0.017848,0.065391,-0.13635,-0.13361,-0.14088,-0.14088,-0.13141,-0.13485
0.036673,0.042703,0.040981,0.048198,0.022036,0.010213,0.041509,-0.10501,-0.10289,-0.12474,-0.12474,-0.12334,-0.12367
0.0017161,0.0078052,-0.0036493,0.004464,-0.012923,-0.031341,-0.0077742,-0.10524,-0.10527,-0.14675,-0.14677,-0.16978,-0.15796
-0.013419,-0.0064545,-0.031652,-0.020646,-0.049002,-0.088386,-0.058537,-0.12915,-0.13254,-0.17167,-0.17171,-0.22122,-0.19341
-0.0018273,0.0030079,-0.027398,-0.017045,-0.069701,-0.11747,-0.078393,-0.13409,-0.14051,-0.14098,-0.14102,-0.18709,-0.1586
0.008712,0.0086245,-0.012888,-0.0088455,-0.05682,-0.08353,-0.058137,-0.06351,-0.069305,-0.041713,-0.04174,-0.067485,-0.050098
0.016805,0.017129,0.0066926,0.0091312,-0.022543,-0.042256,-0.024596,-0.0441,-0.047782,-0.029992,-0.03001,-0.053214,-0.037285
0.0088565,0.0084479,0.0046068,0.00433,-0.0045201,-0.0084872,-0.0079837,0.0016669,-0.00041321,0.0069519,0.0069411,-0.0052787,0.0033758
0.00037313,-0.0014019,0.0019358,-0.0013121,0.0071324,0.011492,0.00056444,0.028766,0.027684,0.032261,0.032257,0.028904,0.031904
0.0033231,0.0011518,0.0047763,0.0015839,0.0069268,0.00949,0.0018241,0.024279,0.023761,0.030035,0.030032,0.021044,0.02748
-6.8216e-05,-0.0017904,-7.5321e-05,-0.0021519,0.00054806,-9.5322e-05,-0.0049113,0.019019,0.018565,0.023861,0.023852,0.0041218,0.016762
-0.0020385,-0.0024437,-0.0062249,-0.0058794,-0.0097268,-0.014708,-0.014529,0.0058771,0.0049924,0.01035,0.010336,-0.015503,0.0006594
-0.00010244,0.001004,-0.0091645,-0.0068338,-0.017593,-0.024814,-0.02222,-0.00077853,-0.0029548,0.0069215,0.0069065,-0.018089,-0.0022673
-0.011676,-0.011455,-0.024612,-0.024055,-0.030207,-0.027649,-0.037004,0.028544,0.023939,0.044491,0.044471,0.02381,0.037849
-0.032877,-0.036445,-0.052719,-0.05663,-0.059675,-0.051503,-0.074587,0.048166,0.039049,0.077236,0.077201,0.044793,0.067984
-0.005203,-0.0055836,-0.0082476,-0.0085546,-0.0066812,-0.0091095,-0.012386,0.0077986,0.0063756,0.010119,0.010124,0.0077383,0.0091046
-0.18481,-0.18819,-0.11718,-0.13942,0.054308,0.040499,-0.046363,0.046008,0.043328,-0.025625,-0.02565,-0.043414,-0.039439
-0.17649,-0.18007,-0.10903,-0.13162,0.061704,0.048106,-0.038718,0.049284,0.047065,-0.021889,-0.021912,-0.039782,-0.035651
-0.1646,-0.1685,-0.09726,-0.12033,0.071714,0.058127,-0.0281,0.052898,0.05129,-0.017073,-0.017095,-0.034963,-0.030661
-0.14853,-0.1528,-0.081451,-0.10506,0.084735,0.070921,-0.014117,0.056923,0.056102,-0.011172,-0.011192,-0.028971,-0.024471
-0.12728,-0.13196,-0.060939,-0.085107,0.10093,0.086699,0.0035748,0.061524,0.061667,-0.0039334,-0.0039497,-0.021594,-0.01683
-0.099659,-0.10479,-0.034924,-0.059615,0.12043,0.10554,0.025295,0.066659,0.067944,0.0048478,0.0048352,-0.012673,-0.0075259
-0.064318,-0.069953,-0.0026004,-0.027694,0.14294,0.12704,0.051081,0.071829,0.074395,0.015074,0.015066,-0.0022983,0.0033928
-0.020137,-0.026308,0.036257,0.011045,0.16747,0.15004,0.080266,0.076341,0.080262,0.026401,0.026398,0.0092456,0.015647
0.032826,0.026139,0.080169,0.055397,0.19146,0.17215,0.11065,0.07994,0.085188,0.03861,0.038611,0.021783,0.029042
0.092538,0.085476,0.12532,0.10194,0.21073,0.19016,0.13869,0.083063,0.089507,0.051621,0.051627,0.035258,0.043443
0.15537,0.14827,0.16685,0.14625,0.22074,0.20148,0.16137,0.085706,0.093185,0.064672,0.064684,0.049001,0.058045
0.21739,0.21086,0.20061,0.18464,0.21767,0.20462,0.17723,0.086493,0.094842,0.075645,0.075662,0.061153,0.070768
0.27477,0.26969,0.22382,0.21473,0.19864,0.19848,0.18575,0.082974,0.091993,0.08154,0.081563,0.069113,0.078721
0.32434,0.32181,0.23556,0.23579,0.16228,0.18211,0.18682,0.073075,0.082509,0.080122,0.080149,0.070965,0.079707
0.36438,0.36545,0.23756,0.24927,0.11041,0.15567,0.18123,0.056073,0.065666,0.070875,0.070906,0.066282,0.073123
0.39447,0.39987,0.23338,0.25788,0.048426,0.12077,0.17064,0.032352,0.041876,0.054569,0.054602,0.055515,0.059473
0.41431,0.42427,0.226,0.26337,-0.016677,0.079515,0.15631,0.0024285,0.011633,0.032205,0.03224,0.038907,0.03937
0.42255,0.43675,0.21611,0.26513,-0.078982,0.033598,0.13839,-0.033641,-0.025078,0.0042871,0.0043203,0.016124,0.013016
0.41514,0.43273,0.20118,0.25943,-0.13506,-0.016236,0.11532,-0.075676,-0.068157,-0.029089,-0.029058,-0.013394,-0.019602
0.389,0.40863,0.17918,0.24328,-0.1825,-0.068948,0.085948,-0.12264,-0.11659,-0.067273,-0.067247,-0.04957,-0.057848
0.34912,0.36925,0.15342,0.21986,-0.21905,-0.12165,0.052753,-0.17278,-0.16847,-0.10834,-0.10832,-0.09069,-0.099586
0.30499,0.32444,0.12758,0.19402,-0.24705,-0.17312,0.018068,-0.22435,-0.22188,-0.15053,-0.15052,-0.13494,-0.14279
0.26236,0.28055,0.10201,0.16733,-0.27078,-0.22314,-0.0176,-0.2745,-0.27387,-0.19219,-0.19218,-0.18112,-0.18592
0.22378,0.24043,0.077684,0.14108,-0.28954,-0.26792,-0.052051,-0.31656,-0.3177,-0.228,-0.228,-0.22543,-0.2242
0.18965,0.20476,0.055326,0.11611,-0.30147,-0.30251,-0.082013,-0.34335,-0.34601,-0.25124,-0.25124,-0.26129,-0.2509
0.16152,0.17532,0.037193,0.094982,-0.30483,-0.32304,-0.10352,-0.35232,-0.35601,-0.25868,-0.25869,-0.28229,-0.26176
0.14019,0.15292,0.024611,0.079207,-0.29949,-0.32854,-0.11494,-0.34455,-0.34872,-0.25075,-0.25075,-0.28441,-0.25598
0.1255,0.13736,0.017529,0.06886,-0.28716,-0.32014,-0.11681,-0.32092,-0.32506,-0.22758,-0.22758,-0.26482,-0.23302
0.11613,0.12723,0.014817,0.062779,-0.26876,-0.29704,-0.10926,-0.27875,-0.28236,-0.18725,-0.18725,-0.22039,-0.19079
0.10596,0.11615,0.012688,0.056117,-0.24087,-0.25309,-0.091677,-0.21072,-0.21325,-0.12739,-0.12738,-0.1489,-0.12742
0.080281,0.088472,0.0042777,0.038501,-0.18842,-0.17225,-0.061733,-0.10471,-0.10569,-0.046019,-0.046012,-0.050068,-0.042352
0.023675,0.027554,-0.011557,0.0035935,-0.083303,-0.039533,-0.015004,0.028119,0.028841,0.039156,0.039163,0.052715,0.044544
-0.03439,-0.035502,-0.017289,-0.023709,0.036784,0.069079,0.024681,0.082457,0.083597,0.057137,0.057137,0.07424,0.060878
-0.033511,-0.035436,-0.0084277,-0.017004,0.044972,0.040359,0.013078,0.020747,0.020586,0.011144,0.011141,0.018181,0.013172
-0.0095549,-0.010101,-0.003107,-0.004393,-0.00069703,-0.018475,-0.01153,-0.023753,-0.024752,-0.013007,-0.013006,-0.012741,-0.011511
0.0051065,0.0055854,-9.1372e-05,0.0027292,-0.020945,-0.031161,-0.014683,-0.026846,-0.027532,-0.016412,-0.016406,-0.017967,-0.01569
0.0080862,0.0088421,0.0031085,0.0059312,-0.01437,-0.015209,-0.0043389,-0.016991,-0.017022,-0.01473,-0.014724,-0.016212,-0.014812
0.0026861,0.0029731,0.0027616,0.003516,-0.0012642,0.0014182,0.0032654,-0.0046667,-0.0043841,-0.0074667,-0.0074652,-0.0076718,-0.0076779
-0.0034632,-0.0038144,-0.00039635,-0.0014564,0.0049281,0.0056773,0.0025842,0.00099322,0.0011177,-0.0024085,-0.0024089,-0.0013822,-0.0023836
-0.0084937,-0.0090783,-0.0037819,-0.0057197,0.0053786,0.0017991,-0.0019901,-0.0039461,-0.0042171,-0.0075383,-0.0075368,-0.0062894,-0.007534
-0.011412,-0.011747,-0.0061036,-0.0078931,0.0026034,-0.0037024,-0.0060197,-0.011619,-0.012217,-0.015536,-0.015532,-0.014878,-0.015776
0.010057,0.0097714,0.0068892,0.0072931,7.316e-05,0.010875,0.0087668,0.033362,0.034194,0.041689,0.041689,0.044849,0.043488
-0.4076,-0.40287,-0.39721,-0.40579,-0.15875,-0.10342,-0.27449,0.26661,0.25254,0.1779,0.17784,0.12811,0.14815
-0.40461,-0.4019,-0.40521,-0.41316,-0.19135,-0.12795,-0.29313,0.27494,0.25976,0.20511,0.20505,0.15558,0.1765
-0.38945,-0.38834,-0.40128,-0.40785,-0.21791,-0.15085,-0.30409,0.26982,0.25389,0.21962,0.21956,0.17093,0.19254
-0.36036,-0.36009,-0.3826,-0.3868,-0.23525,-0.17061,-0.3044,0.24404,0.22783,0.21161,0.21155,0.1642,0.18636
-0.31517,-0.31494,-0.34557,-0.34653,-0.23924,-0.18402,-0.29026,0.19523,0.17916,0.17848,0.17842,0.13327,0.15565
-0.25747,-0.25658,-0.29262,-0.29009,-0.2269,-0.18648,-0.26072,0.13054,0.11509,0.12541,0.12536,0.082535,0.10511
-0.20001,-0.19797,-0.23696,-0.23135,-0.20185,-0.17707,-0.22322,0.07154,0.057346,0.071332,0.071273,0.029338,0.052447
-0.15356,-0.15019,-0.19236,-0.18435,-0.1759,-0.16463,-0.19175,0.031943,0.018787,0.031665,0.031605,-0.011863,0.012496
-0.11241,-0.10818,-0.15456,-0.14503,-0.15266,-0.15398,-0.16789,0.0078677,-0.0048218,0.0079741,0.0079121,-0.037906,-0.012166
-0.079198,-0.074752,-0.12782,-0.1177,-0.13609,-0.15147,-0.15863,-0.00014143,-0.012964,-0.0016159,-0.001678,-0.049036,-0.023058
-0.054277,-0.050047,-0.11193,-0.10186,-0.1256,-0.15619,-0.16182,0.0026216,-0.010421,-0.0041027,-0.0041667,-0.052077,-0.027056
-0.032551,-0.028648,-0.098117,-0.088425,-0.11263,-0.15616,-0.16205,0.0070481,-0.0055191,-0.0066361,-0.0067005,-0.054765,-0.030906
-0.010622,-0.0068034,-0.081094,-0.07169,-0.092317,-0.14525,-0.15109,0.0098712,-0.0013518,-0.011667,-0.01173,-0.060229,-0.037171
0.0098981,0.014036,-0.062723,-0.05328,-0.068249,-0.12707,-0.13239,0.0090528,-0.00064499,-0.020389,-0.020449,-0.069425,-0.046761
0.027992,0.032933,-0.046803,-0.036813,-0.045429,-0.10322,-0.10984,0.013257,0.0052143,-0.025163,-0.025219,-0.075567,-0.052752
0.055067,0.060832,-0.032655,-0.020591,-0.033992,-0.079424,-0.089469,0.039245,0.033271,-0.0087679,-0.0088204,-0.064324,-0.039199
0.10691,0.11309,-0.0087487,0.0078107,-0.041244,-0.062427,-0.071875,0.091181,0.087638,0.038866,0.038817,-0.02822,0.0032592
0.16847,0.17564,0.047217,0.06828,-0.030221,-0.045066,-0.031753,0.088735,0.087793,0.04531,0.045265,-0.027796,0.0080198
0.23344,0.2444,0.15383,0.17897,0.040268,-0.0090341,0.063341,-0.051864,-0.048794,-0.07682,-0.076844,-0.13065,-0.10271
0.24575,0.26027,0.19972,0.22736,0.083257,0.017435,0.12221,-0.16017,-0.15407,-0.18107,-0.18107,-0.21384,-0.19556
0.24082,0.25744,0.22469,0.25266,0.11166,0.033829,0.15956,-0.24154,-0.23377,-0.25397,-0.25395,-0.26617,-0.25716
0.23031,0.24742,0.23845,0.26515,0.12996,0.034168,0.17573,-0.31467,-0.30669,-0.31866,-0.31864,-0.31022,-0.31141
0.21817,0.23597,0.23957,0.26654,0.13036,0.016505,0.17328,-0.38694,-0.37948,-0.38626,-0.38624,-0.36103,-0.3719
0.20575,0.22474,0.23462,0.26315,0.12463,-0.009879,0.16231,-0.45916,-0.45192,-0.46215,-0.46212,-0.4258,-0.44506
0.19121,0.21135,0.22174,0.252,0.11733,-0.031466,0.14859,-0.50489,-0.49702,-0.52595,-0.52593,-0.49453,-0.51399
0.1779,0.19905,0.20249,0.23454,0.10259,-0.050497,0.12906,-0.51429,-0.50646,-0.55701,-0.557,-0.54746,-0.55579
0.16557,0.18747,0.17907,0.21258,0.080261,-0.068435,0.10423,-0.49537,-0.48872,-0.55097,-0.55098,-0.56934,-0.56098
0.14927,0.171,0.1534,0.18598,0.064764,-0.075231,0.079893,-0.44787,-0.4429,-0.50979,-0.50981,-0.55259,-0.52878
0.13126,0.15172,0.13082,0.15974,0.066052,-0.054828,0.070246,-0.3611,-0.35659,-0.42502,-0.42505,-0.48079,-0.44837
0.09899,0.11465,0.10273,0.12141,0.0862,0.018916,0.085728,-0.187,-0.1801,-0.24594,-0.24595,-0.28584,-0.26227
0.0056278,0.0063374,0.031695,0.024881,0.097963,0.13387,0.094387,0.099435,0.10874,0.060051,0.060085,0.08312,0.068185
-0.070045,-0.07941,-0.022864,-0.044268,0.079439,0.15065,0.069835,0.18075,0.18896,0.15786,0.15791,0.21269,0.17804
-0.04938,-0.055846,0.0057125,-0.010012,0.076119,0.10284,0.070165,0.022532,0.029488,0.010956,0.011003,0.056268,0.029336
0.023209,0.023251,0.03775,0.039607,0.015582,0.0026897,0.041946,-0.1106,-0.10498,-0.099605,-0.099574,-0.081929,-0.089934
0.042331,0.04768,0.022599,0.036101,-0.033725,-0.056412,0.0025856,-0.12686,-0.1231,-0.12548,-0.12547,-0.12258,-0.12388
0.038317,0.046114,0.023669,0.037671,-0.0079117,-0.029975,0.016492,-0.12023,-0.11673,-0.14894,-0.14894,-0.14383,-0.15003
0.0396,0.046797,0.041117,0.050506,0.03719,0.020141,0.048202,-0.080588,-0.076252,-0.11629,-0.11629,-0.099013,-0.11269
0.019606,0.024004,0.031653,0.034824,0.057204,0.052237,0.053382,-0.0033387,0.0015164,-0.037608,-0.037598,-0.0089925,-0.029281
0.0039546,0.0059069,0.018235,0.017672,0.055317,0.056279,0.044203,0.035526,0.040449,0.0072489,0.0072669,0.037277,0.016026
0.0012589,0.0027153,0.015024,0.014379,0.043593,0.041787,0.034743,0.021954,0.025955,0.0044724,0.0044867,0.021678,0.0085907
0.016613,0.017752,0.027652,0.027952,0.035014,0.031158,0.035232,0.00064665,0.0035341,-0.0014178,-0.0014145,0.0023311,-0.0013852
0.051016,0.056844,0.068234,0.074372,0.059143,0.025677,0.061009,-0.093197,-0.088994,-0.10836,-0.10836,-0.11788,-0.11283
0.011856,-0.0018959,0.038154,0.026846,0.01116,0.057449,0.076649,0.021053,0.037962,0.070264,0.070384,0.11609,0.093657
0.011816,-0.0018163,0.037864,0.026659,0.011068,0.056928,0.075984,0.02087,0.037633,0.06968,0.069799,0.11506,0.092855
0.011797,-0.0016938,0.037558,0.026475,0.010987,0.056344,0.075247,0.020625,0.037223,0.068959,0.069077,0.11383,0.091884
0.011794,-0.0015338,0.037242,0.026299,0.010938,0.055708,0.074447,0.020322,0.036734,0.068097,0.068213,0.11239,0.090736
0.011786,-0.0013517,0.036871,0.026095,0.010875,0.05498,0.073532,0.019966,0.036166,0.067087,0.067201,0.11072,0.089395
0.011772,-0.0011483,0.03646,0.02587,0.010817,0.054156,0.072504,0.019519,0.035478,0.065893,0.066006,0.10876,0.087824
0.011697,-0.00098059,0.03593,0.025549,0.010682,0.053167,0.071276,0.018975,0.034656,0.064512,0.064623,0.1065,0.086013
0.011539,-0.00087539,0.035239,0.025084,0.010413,0.051969,0.069787,0.018374,0.033732,0.063001,0.06311,0.10399,0.084017
0.011254,-0.00087628,0.034313,0.024402,0.0099056,0.050475,0.067935,0.01775,0.032732,0.06143,0.061536,0.10133,0.081915
0.010875,-0.00094718,0.033164,0.023521,0.0091597,0.048681,0.065716,0.017128,0.031677,0.059824,0.059926,0.098518,0.079727
0.010385,-0.0011024,0.031787,0.022436,0.0082,0.046616,0.063147,0.016523,0.030581,0.058189,0.058289,0.095576,0.07746
0.0098298,-0.0012913,0.030271,0.021234,0.0071387,0.044379,0.060329,0.015927,0.029436,0.056488,0.056584,0.092495,0.075087
0.0092109,-0.0015088,0.028647,0.019944,0.0060656,0.042016,0.057307,0.015277,0.028183,0.054613,0.054706,0.089184,0.072502
0.0085751,-0.0017088,0.026995,0.018644,0.0051084,0.03964,0.054191,0.014592,0.026853,0.05252,0.052608,0.085585,0.069653
0.0079459,-0.0018672,0.025372,0.01739,0.004347,0.037315,0.051067,0.013862,0.025449,0.050181,0.050264,0.081684,0.066513
0.0073589,-0.0019525,0.023776,0.016187,0.0037306,0.034998,0.047917,0.013088,0.023979,0.047616,0.047694,0.077469,0.063096
0.0067939,-0.0019863,0.022162,0.01499,0.0031802,0.032611,0.044677,0.012279,0.022456,0.044882,0.044956,0.072975,0.059452
0.0062425,-0.0019815,0.020532,0.013799,0.0026894,0.030183,0.041376,0.011439,0.020889,0.042035,0.042104,0.068283,0.055653
0.0056645,-0.0019939,0.018843,0.012555,0.0021903,0.027739,0.038003,0.010727,0.019435,0.0393,0.039363,0.063656,0.051944
0.0049414,-0.0021619,0.017017,0.01115,0.0016876,0.025372,0.034557,0.010444,0.018406,0.036994,0.037053,0.05944,0.048659
0.004172,-0.0023795,0.015143,0.0096933,0.0011777,0.023064,0.031121,0.010388,0.017608,0.034914,0.034968,0.055431,0.045596
0.0033919,-0.0026118,0.013234,0.0082092,0.00059424,0.020735,0.027689,0.01036,0.016848,0.032867,0.032915,0.05143,0.04256
0.002632,-0.0028364,0.011389,0.0067797,3.2657e-05,0.01848,0.024374,0.010327,0.016109,0.030863,0.030906,0.047501,0.039587
0.0019442,-0.0030057,0.0096792,0.0054765,-0.00043565,0.016375,0.021282,0.010252,0.015369,0.028885,0.028923,0.04368,0.03668
0.0013803,-0.0030731,0.0081678,0.0043601,-0.00078101,0.014447,0.018482,0.010061,0.014565,0.026861,0.026896,0.039944,0.033786
0.00092599,-0.0030538,0.006852,0.0034272,-0.0010049,0.012705,0.015988,0.0097446,0.01369,0.02478,0.02481,0.0363,0.030899
0.00056362,-0.0029691,0.0057187,0.0026602,-0.001131,0.011137,0.01378,0.0093234,0.012763,0.022697,0.022724,0.032817,0.028082
0.00027879,-0.0028379,0.0047449,0.0020301,-0.0011928,0.009722,0.01182,0.0088312,0.011813,0.020673,0.020696,0.029546,0.025396
5.7207e-05,-0.0026758,0.0039062,0.0015106,-0.0012178,0.0084381,0.010076,0.0082834,0.01085,0.018731,0.018751,0.026498,0.022862
-0.00010297,-0.0024832,0.0031912,0.001092,-0.0012104,0.0072762,0.0085317,0.0076863,0.0098805,0.016859,0.016876,0.02364,0.020458
-0.00018236,-0.0022368,0.0026134,0.00079141,-0.0011485,0.0062346,0.0071892,0.0070076,0.0088703,0.014989,0.015003,0.020875,0.018104
-0.00018023,-0.0019312,0.0021753,0.00061595,-0.001017,0.0053049,0.0060483,0.0061906,0.0077615,0.013033,0.013046,0.018077,0.015695
-0.00014687,-0.0016162,0.0018235,0.00051245,-0.00085349,0.0044576,0.0050621,0.0052611,0.0065747,0.011018,0.011029,0.015262,0.013255
-0.00012158,-0.0013363,0.0015079,0.00042363,-0.00070431,0.0036855,0.0041844,0.0043546,0.0054405,0.0091152,0.0091239,0.012625,0.010965
-0.00010558,-0.0010954,0.001223,0.00033924,-0.00057639,0.0030016,0.0034065,0.0035522,0.0044372,0.0074287,0.0074357,0.010289,0.0089358
-9.1458e-05,-0.00088398,0.00097326,0.0002653,-0.00046266,0.0024039,0.002725,0.0028499,0.0035585,0.0059505,0.0059562,0.008241,0.0071572
-7.8618e-05,-0.00069854,0.00075442,0.00020024,-0.00036324,0.0018806,0.002128,0.0022358,0.0027899,0.0046576,0.004662,0.0064488,0.0056011
-6.9169e-05,-0.00053858,0.00056136,0.00014134,-0.00027812,0.0014221,0.0016048,0.0016998,0.002119,0.0035298,0.0035331,0.0048855,0.0042437
-6.4872e-05,-0.00040353,0.00039,8.6359e-05,-0.00020541,0.001023,0.0011478,0.0012361,0.0015379,0.0025514,0.0025538,0.0035294,0.0030659
-6.3396e-05,-0.00028863,0.00023874,3.6049e-05,-0.00014381,0.00067538,0.00074904,0.00083465,0.0010344,0.0017028,0.0017044,0.0023531,0.0020443
-6.3045e-05,-0.00018993,0.00010696,-8.264e-06,-9.0052e-05,0.00037274,0.00040248,0.00048381,0.00059517,0.00096279,0.00096369,0.0013285,0.001154
1.6845e-05,-2.2925e-05,6.9857e-05,3.4923e-05,-1.6471e-05,0.00012929,0.00015253,0.00013022,0.00016673,0.00028696,0.00028724,0.00040306,0.00034787
0.056077,0.063456,0.061253,0.065746,0.12295,0.061747,0.058097,-0.0071303,0.00011665,-0.081254,-0.081251,-0.11747,-0.10251
0.01753,0.022041,0.022006,0.021825,0.09984,0.047381,0.024009,0.022781,0.027584,-0.050817,-0.050821,-0.088143,-0.072961
-0.0034888,-0.0004175,-0.00036873,-0.0028351,0.086821,0.040064,0.0057068,0.043491,0.047413,-0.029385,-0.029389,-0.067507,-0.052243
-0.023797,-0.021656,-0.020865,-0.025179,0.077367,0.036219,-0.0089538,0.065677,0.069113,-0.0080796,-0.0080847,-0.047083,-0.031812
-0.033008,-0.031461,-0.030088,-0.035492,0.076413,0.039924,-0.012054,0.084809,0.08912,0.0096,0.009602,-0.02969,-0.014753
-0.023331,-0.022114,-0.02021,-0.025936,0.088416,0.053701,0.0015333,0.094623,0.10124,0.017709,0.017723,-0.020944,-0.0068117
0.010574,0.011709,0.014527,0.0090538,0.11647,0.079487,0.035199,0.090244,0.10018,0.012111,0.012136,-0.024478,-0.011666
0.065735,0.06706,0.072959,0.068167,0.16193,0.11963,0.090709,0.072511,0.086961,-0.0071044,-0.0070657,-0.039848,-0.029062
0.13666,0.13834,0.15102,0.14708,0.22251,0.17316,0.16566,0.045279,0.065107,-0.034048,-0.033995,-0.062485,-0.053527
0.2202,0.22211,0.24498,0.24178,0.29241,0.23566,0.25456,0.011118,0.036188,-0.061561,-0.061495,-0.085278,-0.07746
0.30469,0.30661,0.33839,0.33612,0.35675,0.29243,0.33839,-0.020657,0.0086144,-0.080682,-0.080601,-0.098347,-0.091688
0.37963,0.38127,0.41445,0.41353,0.4009,0.33153,0.4002,-0.040609,-0.0083781,-0.085547,-0.085452,-0.097547,-0.091553
0.44146,0.44266,0.4666,0.46801,0.41755,0.35047,0.43686,-0.049035,-0.015032,-0.077554,-0.077449,-0.085592,-0.079331
0.49115,0.49231,0.49707,0.50263,0.40671,0.35118,0.4538,-0.054102,-0.01954,-0.064545,-0.064433,-0.069344,-0.062375
0.52798,0.53014,0.51105,0.52296,0.37416,0.33803,0.45919,-0.067992,-0.033627,-0.060295,-0.060179,-0.059074,-0.053031
0.54752,0.55186,0.51223,0.53193,0.32856,0.31409,0.45781,-0.10186,-0.067959,-0.078748,-0.078627,-0.067477,-0.065023
0.54225,0.55001,0.50309,0.5307,0.28456,0.28595,0.45568,-0.16579,-0.13227,-0.1332,-0.13307,-0.1063,-0.11124
0.49384,0.50543,0.46967,0.50303,0.24455,0.24823,0.44065,-0.25924,-0.22633,-0.22803,-0.2279,-0.1785,-0.19602
0.41594,0.43042,0.41967,0.45536,0.20719,0.19284,0.40346,-0.3683,-0.33767,-0.34119,-0.34105,-0.26485,-0.29851
0.35156,0.36804,0.36185,0.40002,0.15516,0.12564,0.34473,-0.4397,-0.41277,-0.42076,-0.42063,-0.32627,-0.37232
0.29186,0.30958,0.30558,0.34461,0.11213,0.060055,0.2812,-0.49852,-0.47553,-0.49642,-0.4963,-0.3875,-0.44522
0.23939,0.25771,0.25472,0.29338,0.08015,-0.00015832,0.21887,-0.54791,-0.52872,-0.57216,-0.57205,-0.45743,-0.52376
0.19695,0.21582,0.20808,0.24688,0.047234,-0.059376,0.15613,-0.58358,-0.56856,-0.63649,-0.63642,-0.52996,-0.59828
0.16279,0.18245,0.16464,0.20439,0.01306,-0.11132,0.09828,-0.59799,-0.58691,-0.6788,-0.67876,-0.59696,-0.65722
0.13007,0.15036,0.12,0.16038,-0.021574,-0.15221,0.044985,-0.58444,-0.57732,-0.68701,-0.687,-0.64337,-0.68473
0.10176,0.12217,0.083009,0.12282,-0.047127,-0.17632,0.0049209,-0.55349,-0.54962,-0.66848,-0.66851,-0.6653,-0.68299
0.087196,0.10755,0.067082,0.10545,-0.05046,-0.17792,-0.0096361,-0.52376,-0.52126,-0.64322,-0.64326,-0.67185,-0.66878
0.082782,0.10285,0.067136,0.10251,-0.028995,-0.15529,-0.0022497,-0.48626,-0.48343,-0.60682,-0.60686,-0.65375,-0.63751
0.081097,0.10088,0.069491,0.10155,-0.0021677,-0.12341,0.0098914,-0.43055,-0.42724,-0.5482,-0.54824,-0.60391,-0.58038
0.081174,0.099332,0.07236,0.0992,0.027389,-0.076186,0.027645,-0.33797,-0.33401,-0.44575,-0.44578,-0.49783,-0.47459
0.059508,0.070012,0.066046,0.078229,0.067352,0.019654,0.063416,-0.15468,-0.1482,-0.23959,-0.2396,-0.2569,-0.25234
-0.0094571,-0.0098385,0.020907,0.015614,0.07071,0.074588,0.06023,-0.006048,0.00041436,-0.060342,-0.060329,-0.045117,-0.058354
0.017895,0.025101,0.033466,0.042109,0.033551,-0.014478,0.03013,-0.16778,-0.16454,-0.20881,-0.20882,-0.21826,-0.21447
0.034119,0.045182,0.020027,0.036647,-0.012253,-0.064094,-0.0068126,-0.17306,-0.17309,-0.19891,-0.19892,-0.21827,-0.20691
0.023172,0.033421,0.014239,0.027992,-0.0028738,-0.042733,-0.001958,-0.12976,-0.12998,-0.15693,-0.15694,-0.15935,-0.15844
0.038416,0.050672,0.042645,0.057294,0.034972,-0.016384,0.030772,-0.15253,-0.15049,-0.19478,-0.19478,-0.18453,-0.1926
0.077987,0.093632,0.11211,0.12947,0.12608,0.059386,0.12758,-0.20641,-0.19458,-0.28569,-0.28568,-0.26234,-0.28125
0.076254,0.088592,0.12468,0.13804,0.15041,0.10055,0.16398,-0.17446,-0.15698,-0.25358,-0.25354,-0.23371,-0.25047
0.011328,0.014885,0.035544,0.038513,0.055656,0.036348,0.053853,-0.051853,-0.04487,-0.082074,-0.08206,-0.09562,-0.08866
-0.070735,-0.07665,-0.089078,-0.099047,-0.074652,-0.071117,-0.12226,0.099349,0.085024,0.12942,0.12937,0.081982,0.1133
-0.084937,-0.094693,-0.12048,-0.13483,-0.11327,-0.089912,-0.1641,0.16598,0.1462,0.22034,0.22027,0.17956,0.20806
0,0,0,0,0,0,0,0,0,0,0,0,0
-0.00014228,-0.00014739,-0.00029129,-0.00029602,-0.00040078,-0.00029132,-0.00040263,0.00020438,0.00015221,0.00027947,0.0002793,0.00022617,0.00026496
0.00031024,0.00029236,3.7559e-05,2.6695e-05,-0.00020265,-0.00021257,-0.00024734,6.1202e-05,9.3697e-06,0.00015028,0.00014989,1.5347e-05,9.9988e-05
0.0037402,0.0036666,0.0029654,0.0029323,0.0017068,0.00094859,0.0016692,-0.0014461,-0.0014146,-0.0014831,-0.0014836,-0.0018467,-0.0016265
0.012826,0.012664,0.011792,0.011598,0.0088748,0.0061902,0.0086388,-0.0053436,-0.0049594,-0.0064806,-0.0064801,-0.0072143,-0.0068115
0.027924,0.027666,0.028549,0.027709,0.026504,0.020996,0.024898,-0.010203,-0.0088927,-0.015587,-0.015585,-0.016732,-0.016356
0.04592,0.045444,0.051655,0.049085,0.059018,0.052431,0.053605,-0.0062588,-0.0029004,-0.021841,-0.021837,-0.024973,-0.024253
0.05733,0.056444,0.071653,0.065707,0.10409,0.10199,0.090094,0.02096,0.027657,-0.012797,-0.012789,-0.020639,-0.018865
0.065392,0.063713,0.09232,0.081462,0.16003,0.16809,0.13577,0.06925,0.08051,0.015174,0.015189,0.0010126,0.0043653
0.11355,0.11041,0.15947,0.14303,0.24372,0.26114,0.22191,0.10131,0.11835,0.041066,0.041094,0.021179,0.027345
0.20746,0.2023,0.2733,0.25179,0.34516,0.36204,0.33423,0.10614,0.12828,0.057296,0.057341,0.034012,0.043755
0.32159,0.31437,0.39455,0.37013,0.42898,0.43112,0.42459,0.099195,0.12408,0.071253,0.071305,0.047572,0.060133
0.43685,0.42763,0.49656,0.47194,0.47754,0.46096,0.47697,0.094478,0.12049,0.090644,0.090702,0.066837,0.082558
0.54408,0.53304,0.5732,0.55072,0.49709,0.47255,0.50712,0.10284,0.12994,0.12247,0.12254,0.097015,0.1167
0.6353,0.62348,0.61829,0.60185,0.48235,0.46835,0.52043,0.11159,0.13964,0.15263,0.15271,0.12687,0.14979
0.69092,0.68073,0.62176,0.61611,0.42616,0.44277,0.51423,0.10241,0.1307,0.15906,0.15915,0.13936,0.16147
0.71823,0.71191,0.60116,0.60979,0.34246,0.40361,0.49883,0.077875,0.10614,0.14697,0.14706,0.1385,0.15628
0.74427,0.74301,0.59637,0.62012,0.26664,0.37525,0.50435,0.02938,0.058769,0.1132,0.11331,0.12554,0.13401
0.79838,0.80308,0.64246,0.682,0.22497,0.36887,0.55501,-0.072947,-0.040617,0.031476,0.03162,0.077834,0.070417
0.77456,0.78603,0.54901,0.60996,0.061916,0.2493,0.45392,-0.064764,-0.03596,0.040394,0.040517,0.077463,0.07158
0.68648,0.70375,0.42774,0.50478,-0.098595,0.10525,0.32463,-0.074971,-0.05209,0.03349,0.033586,0.065297,0.056861
0.59591,0.61833,0.3223,0.41176,-0.23197,-0.022268,0.2135,-0.10381,-0.086317,0.0098087,0.0098827,0.032664,0.025146
0.49083,0.51497,0.22957,0.32173,-0.31135,-0.12216,0.11623,-0.13557,-0.12351,-0.028996,-0.028948,-0.018844,-0.022345
0.38259,0.40515,0.15408,0.24026,-0.33847,-0.18397,0.042821,-0.15614,-0.14857,-0.062768,-0.062745,-0.064943,-0.062698
0.27444,0.29331,0.089646,0.16297,-0.32176,-0.20407,-0.0082866,-0.15148,-0.14747,-0.075328,-0.07532,-0.087067,-0.079025
0.18522,0.20004,0.042219,0.10173,-0.28763,-0.2039,-0.040823,-0.1422,-0.14077,-0.080537,-0.080537,-0.096134,-0.085064
0.08473,0.093647,0.0033633,0.038488,-0.18364,-0.13924,-0.044396,-0.091552,-0.091861,-0.054427,-0.054429,-0.064092,-0.056391
0.0038101,0.0045212,-0.001469,0.0009456,-0.0129,-0.0094795,-0.0037785,-0.0055347,-0.0055998,-0.0031747,-0.0031746,-0.0036974,-0.0032132
1.6576e-12,1.9398e-12,-5.964e-13,3.8189e-13,-5.4241e-12,-4.4029e-12,-1.8458e-12,-2.7252e-12,-2.7683e-12,-1.5274e-12,-1.5273e-12,-1.7837e-12,-1.5259e-12
2.7021e-14,2.9443e-14,-1.8284e-15,9.9375e-15,-6.652e-14,-4.9083e-14,-1.8166e-14,-3.0518e-14,-3.0817e-14,-1.8109e-14,-1.8107e-14,-2.0021e-14,-1.8294e-14
0,0,0,0,0,0,0,0,0,0,0,0,0
0,0,0,0,0,0,0,0,0,0,0,0,0
0,0,0,0,0,0,0,0,0,0,0,0,0
0,0,0,0,0,0,0,0,0,0,0,0,0
0,0,0,0,0,0,0,0,0,0,0,0,0
0,0,0,0,0,0,0,0,0,0,0,0,0
0,0,0,0,0,0,0,0,0,0,0,0,0
0,0,0,0,0,0,0,0,0,0,0,0,0
0,0,0,0,0,0,0,0,0,0,0,0,0
0,0,0,0,0,0,0,0,0,0,0,0,0
0,0,0,0,0,0,0,0,0,0,0,0,0
0,0,0,0,0,0,0,0,0,0,0,0,0
0,0,0,0,0,0,0,0,0,0,0,0,0
0.85372,0.86205,0.56555,0.62985,-0.0060154,-0.040342,0.26657,-0.32523,-0.31087,-0.18116,-0.18109,-0.16495,-0.1618
0.8643,0.8727,0.57221,0.63705,-0.0039955,-0.037019,0.27123,-0.32443,-0.30984,-0.18012,-0.18005,-0.16374,-0.16066
0.87897,0.8875,0.58136,0.64714,-0.0025941,-0.034046,0.27704,-0.32458,-0.30967,-0.1792,-0.17913,-0.16259,-0.15953
0.89778,0.90651,0.593,0.66013,-0.0017924,-0.031307,0.28409,-0.32552,-0.3102,-0.17824,-0.17816,-0.16134,-0.15828
0.92127,0.93028,0.60747,0.67643,-0.0016233,-0.028702,0.29262,-0.32724,-0.3114,-0.17713,-0.17705,-0.15988,-0.15677
0.94999,0.95939,0.62506,0.69642,-0.0023219,-0.026286,0.30278,-0.32981,-0.31333,-0.1758,-0.17572,-0.15812,-0.15494
0.98439,0.99432,0.6459,0.72035,-0.0043931,-0.024289,0.31464,-0.33333,-0.31608,-0.17417,-0.17408,-0.15598,-0.15266
1.0249,1.0356,0.67005,0.74845,-0.0085708,-0.023107,0.32813,-0.33792,-0.31978,-0.17208,-0.17199,-0.15334,-0.14978
1.0718,1.0834,0.69706,0.78051,-0.016395,-0.023873,0.34259,-0.34394,-0.32478,-0.1695,-0.16941,-0.15016,-0.14623
1.1238,1.1368,0.72507,0.815,-0.030753,-0.028951,0.35612,-0.35217,-0.33197,-0.16685,-0.16675,-0.14679,-0.14235
1.1767,1.1916,0.74956,0.84771,-0.055666,-0.041439,0.36538,-0.36358,-0.34249,-0.16536,-0.16525,-0.14421,-0.13929
1.2219,1.2396,0.76298,0.87133,-0.096352,-0.065222,0.36559,-0.37973,-0.35812,-0.16768,-0.16757,-0.14469,-0.13964
1.2484,1.27,0.75768,0.87795,-0.15512,-0.1018,0.3532,-0.402,-0.38046,-0.17747,-0.17735,-0.15136,-0.14705
1.2454,1.2717,0.72965,0.86224,-0.22704,-0.14752,0.32801,-0.42863,-0.40789,-0.19594,-0.19582,-0.16546,-0.16302
1.2064,1.2381,0.68005,0.82318,-0.30025,-0.19337,0.29349,-0.45222,-0.43289,-0.21792,-0.2178,-0.18291,-0.18307
1.1273,1.1638,0.61058,0.75961,-0.3598,-0.22778,0.25351,-0.46058,-0.44312,-0.23377,-0.23366,-0.196,-0.19852
0.99681,1.0363,0.51584,0.66223,-0.38996,-0.23748,0.20826,-0.43266,-0.41757,-0.22786,-0.22776,-0.19208,-0.19538
0.79101,0.82943,0.37744,0.50742,-0.37914,-0.21077,0.14869,-0.3291,-0.3172,-0.16887,-0.1688,-0.14558,-0.1456
0.48219,0.51252,0.18528,0.27848,-0.30981,-0.14486,0.067245,-0.13888,-0.13139,-0.045381,-0.045344,-0.045025,-0.037963
0.21684,0.23316,0.076871,0.12343,-0.15939,-0.064457,0.032173,-0.044851,-0.040823,0.0026317,0.0026515,0.0017828,0.0057006
0.062867,0.067394,0.025749,0.038667,-0.042598,-0.013229,0.014054,-0.0051814,-0.0035984,0.012346,0.012355,0.012925,0.013869
0.027192,0.029206,0.011466,0.017418,-0.021003,-0.0076725,0.0058141,-0.0035468,-0.0028249,0.0049221,0.0049261,0.0053544,0.005541
0.014332,0.015336,0.0059629,0.0094121,-0.013725,-0.0067809,0.0019518,-0.0039399,-0.003589,0.00082004,0.00082172,0.00086425,0.0009866
0.0083907,0.0089681,0.0030452,0.0053241,-0.010089,-0.0060467,2.1546e-05,-0.0036839,-0.0035239,-0.00084481,-0.00084409,-0.0010889,-0.00087585
0.0019083,0.0020887,0.00035647,0.0010161,-0.0031561,-0.0021178,-0.00044959,-0.0013408,-0.0013254,-0.00069078,-0.00069067,-0.0008248,-0.00072495
0.00013977,0.0001556,7.1469e-06,6.4286e-05,-0.00029034,-0.00022408,-7.0074e-05,-0.00016147,-0.00016206,-0.00010108,-0.00010108,-0.00011488,-0.00010384
8.2385e-06,9.4847e-06,-1.6342e-06,2.7854e-06,-2.3869e-05,-1.9661e-05,-7.6784e-06,-1.2965e-05,-1.3127e-05,-7.6142e-06,-7.6143e-06,-8.7563e-06,-7.6693e-06
6.5953e-08,8.0131e-08,-2.4043e-08,1.7743e-08,-2.1114e-07,-1.4181e-07,-5.3537e-08,-8.6474e-08,-8.7347e-08,-4.9427e-08,-4.9421e-08,-5.5123e-08,-4.9376e-08
0,0,0,0,0,0,0,0,0,0,0,0,0
0,0,0,0,0,0,0,0,0,0,0,0,0
0,0,0,0,0,0,0,0,0,0,0,0,0
0,0,0,0,0,0,0,0,0,0,0,0,0
0,0,0,0,0,0,0,0,0,0,0,0,0
0,0,0,0,0,0,0,0,0,0,0,0,0
0,0,0,0,0,0,0,0,0,0,0,0,0
0,0,0,0,0,0,0,0,0,0,0,0,0
0,0,0,0,0,0,0,0,0,0,0,0,0
0,0,0,0,0,0,0,0,0,0,0,0,0
0,0,0,0,0,0,0,0,0,0,0,0,0
0,0,0,0,0,0,0,0,0,0,0,0,0
0,0,0,0,0,0,0,0,0,0,0,0,0
0,0,0,0,0,0,0,0,0,0,0,0,0
0,0,0,0,0,0,0,0,0,0,0,0,0
0,0,0,0,0,0,0,0,0,0,0,0,0
0,0,0,0,0,0,0,0,0,0,0,0,0
0,0,0,0,0,0,0,0,0,0,0,0,0
0,0,0,0,0,0,0,0,0,0,0,0,0
0,0,0,0,0,0,0,0,0,0,0,0,0
0,0,0,0,0,0,0,0,0,0,0,0,0
0,0,0,0,0,0,0,0,0,0,0,0,0
0,0,0,0,0,0,0,0,0,0,0,0,0
0,0,0,0,0,0,0,0,0,0,0,0,0
0,0,0,0,0,0,0,0,0,0,0,0,0
0,0,0,0,0,0,0,0,0,0,0,0,0
0,0,0,0,0,0,0,0,0,0,0,0,0
0,0,0,0,0,0,0,0,0,0,0,0,0
0,0,0,0,0,0,0,0,0,0,0,0,0
0,0,0,0,0,0,0,0,0,0,0,0,0
0,0,0,0,0,0,0,0,0,0,0,0,0
-1.0053e-07,-9.9806e-08,-1.1162e-07,-1.0819e-07,-9.3454e-08,-4.8916e-08,-4.9749e-08,-7.7323e-08,-7.533e-08,-7.6221e-08,-7.6183e-08,-5.2504e-08,-6.0354e-08
0.00011463,0.00010662,0.00016719,0.00017425,3.5719e-07,-2.1582e-05,0.00012722,-0.00016205,-0.00015112,-4.0262e-05,-4.0154e-05,7.1296e-05,1.8622e-05
0.0056016,0.005485,0.0052263,0.0057422,-0.00094006,-0.0010868,0.0030515,-0.0040745,-0.0038352,-0.0012629,-0.001261,0.0011419,-4.5155e-05
0.025258,0.025882,0.014165,0.018554,-0.016914,-0.014938,0.0028417,-0.019014,-0.018592,-0.010099,-0.010095,-0.0056818,-0.0077594
0.035516,0.036854,0.016752,0.023986,-0.03061,-0.027582,-0.00054287,-0.031371,-0.031014,-0.018566,-0.018562,-0.012963,-0.015724
0.035676,0.03718,0.014958,0.023148,-0.038325,-0.037245,-0.0056736,-0.040167,-0.040026,-0.025496,-0.025492,-0.019905,-0.022903
0.027397,0.02855,0.0073363,0.015396,-0.047865,-0.053205,-0.017359,-0.052509,-0.052814,-0.035821,-0.035818,-0.031086,-0.033911
0.06134,0.062459,0.018025,0.034785,-0.11076,-0.11367,-0.035296,-0.10275,-0.10262,-0.072971,-0.07297,-0.065216,-0.073787
0.38222,0.4093,0.033195,0.17271,-0.80959,-0.72441,-0.26385,-0.52985,-0.53507,-0.36358,-0.36361,-0.40775,-0.38198
0.53238,0.59078,-0.082315,0.17342,-1.4965,-1.3261,-0.54944,-0.93579,-0.94937,-0.64843,-0.64848,-0.7438,-0.67626
0.25412,0.28203,-0.070324,0.061732,-0.8265,-0.8226,-0.37083,-0.65797,-0.66915,-0.50728,-0.50731,-0.59585,-0.53558
0.14463,0.15961,-0.049264,0.027533,-0.5081,-0.57324,-0.27137,-0.51533,-0.52461,-0.42584,-0.42588,-0.5158,-0.45527
0.10513,0.11575,-0.028645,0.024343,-0.349,-0.43618,-0.20747,-0.43058,-0.43824,-0.36896,-0.369,-0.45701,-0.39782
0.093407,0.10274,-0.0054761,0.035223,-0.24613,-0.3284,-0.14789,-0.34983,-0.35544,-0.29892,-0.29895,-0.37305,-0.32189
0.077583,0.084913,0.012307,0.040619,-0.15293,-0.20697,-0.082887,-0.23121,-0.23442,-0.1887,-0.18871,-0.23295,-0.20054
0.036141,0.039322,0.0063992,0.019092,-0.068974,-0.085277,-0.0326,-0.085274,-0.086423,-0.062162,-0.062165,-0.075294,-0.064689
0.0040641,0.0044815,-0.00031105,0.0015566,-0.011267,-0.012346,-0.0052718,-0.00974,-0.0098981,-0.0065064,-0.0065066,-0.007809,-0.0066937
4.813e-05,5.9182e-05,-4.2733e-05,2.7525e-06,-0.00029724,-0.00035033,-0.00016171,-0.00037095,-0.0003764,-0.00031081,-0.00031084,-0.00037911,-0.00032733
5.7954e-06,6.0969e-06,8.7208e-07,2.3816e-06,-8.3166e-06,-9.107e-06,-3.4179e-06,-8.3581e-06,-8.4792e-06,-5.4069e-06,-5.4068e-06,-6.5029e-06,-5.518e-06
5.4712e-10,5.5653e-10,1.673e-10,2.7515e-10,-6.9082e-10,-9.5425e-10,-3.7286e-10,-8.4622e-10,-8.6127e-10,-4.7448e-10,-4.7446e-10,-5.5014e-10,-4.6565e-10
0,0,0,0,0,0,0,0,0,0,0,0,0
0,0,0,0,0,0,0,0,0,0,0,0,0
0,0,0,0,0,0,0,0,0,0,0,0,0
0,0,0,0,0,0,0,0,0,0,0,0,0
0,0,0,0,0,0,0,0,0,0,0,0,0
0,0,0,0,0,0,0,0,0,0,0,0,0
0,0,0,0,0,0,0,0,0,0,0,0,0
0,0,0,0,0,0,0,0,0,0,0,0,0
0,0,0,0,0,0,0,0,0,0,0,0,0
0,0,0,0,0,0,0,0,0,0,0,0,0
0,0,0,0,0,0,0,0,0,0,0,0,0
0,0,0,0,0,0,0,0,0,0,0,0,0
0,0,0,0,0,0,0,0,0,0,0,0,0
0,0,0,0,0,0,0,0,0,0,0,0,0
0,0,0,0,0,0,0,0,0,0,0,0,0
0,0,0,0,0,0,0,0,0,0,0,0,0
0,0,0,0,0,0,0,0,0,0,0,0,0
0,0,0,0,0,0,0,0,0,0,0,0,0
2.4618e-09,2.4698e-09,9.5652e-09,9.281e-09,5.6741e-09,-7.4023e-10,4.7468e-09,-1.7103e-08,-1.7068e-08,-1.4121e-08,-1.4119e-08,-1.0412e-08,-1.2463e-08
9.0068e-07,9.2167e-07,2.6239e-06,2.5777e-06,1.4961e-06,-8.1513e-07,1.1651e-06,-5.8471e-06,-5.8581e-06,-4.4275e-06,-4.427e-06,-3.7304e-06,-4.0289e-06
6.2747e-05,6.3729e-05,0.00017821,0.00017366,0.00011741,-2.5801e-05,9.5083e-05,-0.00035477,-0.00035475,-0.0002706,-0.00027056,-0.00022164,-0.00024299
0.0011481,0.0011719,0.0033414,0.0032553,0.0024025,-0.00016368,0.002078,-0.0067393,-0.0067191,-0.0053059,-0.0053051,-0.0042243,-0.0047092
0.0080235,0.0082666,0.024682,0.02408,0.018785,0.00013054,0.017198,-0.0538,-0.053521,-0.043711,-0.043704,-0.034031,-0.038477
0.081898,0.083781,0.22513,0.21968,0.17683,0.013467,0.16042,-0.46294,-0.45986,-0.38115,-0.38108,-0.29408,-0.33486
0.22185,0.22675,0.3859,0.38785,0.23433,-0.029281,0.23243,-0.77411,-0.77025,-0.63804,-0.63794,-0.50941,-0.56901
0.31293,0.32003,0.45261,0.4658,0.20988,-0.1087,0.23603,-0.99765,-0.99453,-0.82515,-0.82504,-0.66326,-0.74176
0.3611,0.37062,0.4701,0.49489,0.15307,-0.2089,0.20317,-1.1935,-1.1923,-0.99794,-0.99783,-0.82038,-0.91144
0.37401,0.3861,0.45412,0.48946,0.083909,-0.31145,0.15065,-1.3553,-1.3565,-1.1565,-1.1564,-0.99121,-1.0808
0.36685,0.38154,0.42054,0.46509,0.014482,-0.40444,0.091958,-1.4781,-1.4816,-1.297,-1.297,-1.1773,-1.2447
0.34822,0.36536,0.37832,0.43,-0.044847,-0.47571,0.036731,-1.5501,-1.5555,-1.4067,-1.4067,-1.3656,-1.3873
0.33189,0.35177,0.34016,0.39818,-0.091802,-0.52231,-0.0060279,-1.5742,-1.5808,-1.4806,-1.4806,-1.5365,-1.4968
0.31586,0.33935,0.30269,0.36759,-0.13245,-0.55291,-0.040718,-1.5625,-1.5696,-1.5211,-1.5212,-1.6681,-1.5688
0.28756,0.31384,0.26277,0.33001,-0.14437,-0.55386,-0.066166,-1.5057,-1.5131,-1.5184,-1.5185,-1.7367,-1.5915
0.25766,0.28567,0.2259,0.29258,-0.14015,-0.535,-0.083381,-1.4094,-1.417,-1.4595,-1.4596,-1.7219,-1.5491
0.23327,0.26175,0.18965,0.25471,-0.14088,-0.50502,-0.098109,-1.2517,-1.2598,-1.2992,-1.2994,-1.5665,-1.3897
0.21726,0.24249,0.15628,0.21503,-0.14158,-0.43227,-0.094457,-0.97576,-0.98345,-0.97811,-0.9782,-1.1933,-1.0469
0.16482,0.17994,0.10064,0.14062,-0.12296,-0.2809,-0.066611,-0.54017,-0.54519,-0.49777,-0.49781,-0.60842,-0.52887
0.062964,0.06721,0.025835,0.041536,-0.073998,-0.1098,-0.034713,-0.14299,-0.14475,-0.11046,-0.11046,-0.13471,-0.11549
0.0057208,0.0061988,0.00022448,0.0024773,-0.013584,-0.015267,-0.0063722,-0.012285,-0.012497,-0.0078567,-0.0078569,-0.0095272,-0.008067
7.0978e-05,8.0211e-05,-1.8312e-05,2.4998e-05,-0.00027978,-0.00030658,-0.000139,-0.00021037,-0.00021458,-0.00012767,-0.00012767,-0.00015678,-0.00013185
-5.6762e-08,-3.7241e-08,-1.6025e-07,-1.0522e-07,-3.5761e-07,-6.1275e-07,-3.8731e-07,-5.0349e-07,-5.1684e-07,-4.5609e-07,-4.562e-07,-5.815e-07,-4.9873e-07
4.8675e-08,5.097e-08,1.56e-08,2.9126e-08,-8.168e-08,-1.1057e-07,-4.0676e-08,-1.0715e-07,-1.0871e-07,-6.7825e-08,-6.7825e-08,-8.1488e-08,-6.9078e-08
5.7416e-09,6.043e-09,1.3797e-09,3.2351e-09,-1.1957e-08,-1.6217e-08,-6.3438e-09,-1.4466e-08,-1.4698e-08,-8.4575e-09,-8.4572e-09,-1.0113e-08,-8.5219e-09
1.931e-10,2.106e-10,-5.8826e-12,8.5555e-11,-6.0516e-10,-7.1411e-10,-2.9955e-10,-5.3289e-10,-5.4215e-10,-2.9086e-10,-2.9085e-10,-3.4096e-10,-2.8822e-10
3.7422e-13,3.7855e-13,2.4197e-13,3.5913e-13,-9.5847e-13,-1.6356e-12,-6.6312e-13,-1.3151e-12,-1.3389e-12,-7.0164e-13,-7.016e-13,-8.215e-13,-6.962e-13
0,0,0,0,0,0,0,0,0,0,0,0,0
0,0,0,0,0,0,0,0,0,0,0,0,0
0.00026863,0.00029817,-0.00016196,3.1233e-05,-0.001257,-0.00117,-0.00053882,-0.00061988,-0.00063177,-0.00031066,-0.00031065,-0.00035454,-0.00030144
0.00030355,0.00033687,-0.00018188,3.3585e-05,-0.0013905,-0.0012793,-0.00058822,-0.00067826,-0.00069121,-0.00034131,-0.0003413,-0.00039004,-0.00033142
0.00034863,0.00038686,-0.00020891,3.6375e-05,-0.001572,-0.0014311,-0.00065727,-0.00075737,-0.00077177,-0.00038216,-0.00038214,-0.00043699,-0.00037134
0.00040267,0.0004468,-0.00023932,4.1254e-05,-0.0017873,-0.0016148,-0.00074048,-0.0008542,-0.00087036,-0.00043215,-0.00043213,-0.00049439,-0.00042033
0.00047706,0.00052901,-0.0002746,5.1596e-05,-0.0020651,-0.0018564,-0.00084863,-0.00098542,-0.0010039,-0.0005007,-0.00050069,-0.00057327,-0.00048781
0.00058147,0.00064315,-0.00031298,7.1907e-05,-0.0024243,-0.0021788,-0.00099115,-0.0011662,-0.0011877,-0.00059636,-0.00059634,-0.00068347,-0.00058221
0.00072371,0.00079755,-0.00035654,0.00010503,-0.0028968,-0.0026131,-0.0011814,-0.0014143,-0.0014401,-0.00072884,-0.00072881,-0.00083596,-0.00071311
0.00094741,0.0010406,-0.00041987,0.00016239,-0.0036423,-0.0033056,-0.0014826,-0.0018149,-0.0018472,-0.00094326,-0.00094322,-0.0010818,-0.00092491
0.0013445,0.0014698,-0.00051186,0.00027723,-0.0049206,-0.0045036,-0.0019969,-0.002518,-0.0025613,-0.0013211,-0.0013211,-0.0015122,-0.0012982
0.0021215,0.0023006,-0.00062873,0.00053658,-0.0072512,-0.0067274,-0.0029332,-0.0038427,-0.0039057,-0.0020357,-0.0020356,-0.0023198,-0.0020045
0.0036952,0.0039643,-0.00071756,0.0011411,-0.011537,-0.010891,-0.0046375,-0.0063728,-0.0064698,-0.0034075,-0.0034074,-0.0038532,-0.0033604
0.0069657,0.0073882,-0.00054936,0.0025907,-0.019364,-0.018623,-0.0076607,-0.011246,-0.0114,-0.0060716,-0.0060714,-0.0067831,-0.0059904
0.013975,0.014668,0.00058201,0.0061275,-0.033689,-0.032984,-0.012892,-0.020806,-0.021049,-0.011332,-0.011331,-0.012425,-0.011159
0.029259,0.030452,0.0046428,0.014741,-0.059746,-0.059578,-0.021605,-0.039948,-0.040315,-0.02194,-0.021939,-0.02339,-0.021477
0.061733,0.063861,0.016257,0.034783,-0.10547,-0.10717,-0.034922,-0.077876,-0.078377,-0.043205,-0.043202,-0.044289,-0.041818
0.12704,0.131,0.0444,0.078003,-0.18181,-0.18773,-0.052583,-0.15057,-0.15111,-0.08478,-0.084771,-0.082786,-0.080712
0.24932,0.25701,0.10254,0.16202,-0.30217,-0.31295,-0.070621,-0.27962,-0.27978,-0.16067,-0.16065,-0.14914,-0.15011
0.4607,0.47607,0.2058,0.30738,-0.47978,-0.48741,-0.0788,-0.49007,-0.4888,-0.29059,-0.29055,-0.25689,-0.26664
0.8042,0.83326,0.40227,0.56257,-0.67055,-0.67225,-0.03099,-0.8231,-0.81807,-0.51805,-0.51796,-0.44081,-0.46873
0.94204,0.98755,0.39876,0.60592,-0.88856,-0.81088,-0.076914,-0.90526,-0.90028,-0.56937,-0.56929,-0.51133,-0.52761
0.88339,0.93499,0.31753,0.53744,-0.99621,-0.88645,-0.14437,-0.90467,-0.90173,-0.56179,-0.56172,-0.52516,-0.5303
0.71505,0.76009,0.21995,0.41907,-0.96914,-0.89819,-0.2092,-0.87075,-0.87139,-0.54782,-0.54777,-0.53156,-0.52652
0.55989,0.59765,0.13971,0.31422,-0.909,-0.88401,-0.25699,-0.83265,-0.8366,-0.53805,-0.53802,-0.54387,-0.5269
0.42862,0.45927,0.079792,0.22845,-0.82393,-0.84286,-0.28345,-0.78488,-0.79138,-0.52265,-0.52264,-0.55048,-0.52052
0.33217,0.35686,0.041314,0.16733,-0.73676,-0.78927,-0.29181,-0.73319,-0.74128,-0.50115,-0.50116,-0.54906,-0.50641
0.25578,0.27555,0.015375,0.12031,-0.64231,-0.72025,-0.28562,-0.67127,-0.68024,-0.46767,-0.46768,-0.5303,-0.47769
0.19531,0.21025,0.0055768,0.08826,-0.52503,-0.62206,-0.2575,-0.59083,-0.59965,-0.41736,-0.41737,-0.48678,-0.42986
0.15989,0.17189,0.0023619,0.070332,-0.44019,-0.54003,-0.2288,-0.51603,-0.5242,-0.36648,-0.3665,-0.43706,-0.3799
0.1356,0.14577,0.0024523,0.059339,-0.36871,-0.46,-0.19635,-0.43907,-0.4462,-0.31138,-0.31139,-0.3771,-0.32414
0.11532,0.12402,0.0047443,0.051621,-0.29907,-0.37324,-0.15801,-0.3523,-0.35802,-0.24601,-0.24602,-0.30023,-0.25613
0.091015,0.097934,0.0065786,0.042173,-0.22162,-0.27142,-0.11251,-0.24872,-0.25269,-0.16745,-0.16746,-0.20415,-0.17333
0.057342,0.061812,0.004437,0.026589,-0.13545,-0.15847,-0.064441,-0.13594,-0.13807,-0.085903,-0.085905,-0.10361,-0.087761
0.022072,0.02394,-0.00010966,0.0090695,-0.056589,-0.06149,-0.025509,-0.046212,-0.046967,-0.026682,-0.026682,-0.031632,-0.026754
0.0024467,0.0027079,-0.00053367,0.00074685,-0.008099,-0.0081658,-0.0035739,-0.0052126,-0.0053061,-0.0027809,-0.0027809,-0.0032544,-0.0027495
2.807e-05,3.3455e-05,-1.8165e-05,4.7005e-06,-0.00014156,-0.00013113,-5.9004e-05,-7.6823e-05,-7.8237e-05,-4.0385e-05,-4.0384e-05,-4.7665e-05,-4.0114e-05
-1.4481e-08,-1.059e-08,-4.4549e-08,-3.0038e-08,-1.0494e-07,-1.672e-07,-1.047e-07,-1.2838e-07,-1.3216e-07,-1.0703e-07,-1.0702e-07,-1.3929e-07,-1.1709e-07
5.7556e-09,5.9918e-09,9.4446e-10,2.6419e-09,-1.1342e-08,-1.4012e-08,-5.6926e-09,-1.173e-08,-1.1929e-08,-6.6669e-09,-6.6667e-09,-7.8197e-09,-6.5997e-09
1.429e-10,1.5428e-10,9.8751e-12,7.2841e-11,-4.7357e-10,-6.6328e-10,-2.575e-10,-7.025e-10,-7.1477e-10,-3.994e-10,-3.9938e-10,-4.6659e-10,-3.9464e-10
0,0,0,0,0,0,0,0,0,0,0,0,0
0,0,0,0,0,0,0,0,0,0,0,0,0
0,0,0,0,0,0,0,0,0,0,0,0,0
0,0,0,0,0,0,0,0,0,0,0,0,0
