-0.013372541517717
-0.013320897874545
-0.012945069632728
-0.011968093612089
-0.010006422794220
-0.007098947633982
-0.003458359477691
0.000481388184041
0.003118435537840
0.003620050503794
0.002196770180983
0.000264592255845
-0.000269929586699
0.000927280507115
0.001458575329561
-0.001023256478459
-0.005962922099659
-0.007622862858464
-0.001672017222416
0.006450944858187
0.006967921426913
0.001331580081387
-0.004812104904611
-0.007141402858699
-0.006269508616877
-0.001893915839270
0.002593340379146
-0.002950579621876
-0.008597974002140
-0.001433021875486
0.012559697120790
0.006688221283550
-0.013980815590604
-0.014740260025759
-0.001402149863533
0.004896964817813
0.000921858106931
-0.006270831206095
-0.007253963700393
-0.002580920161513
0.003589803635131
0.001444645878769
-0.000070073151416
0.000875725196008
0.000690917410811
0.000355257110617
-0.000132343368582
-0.000666809546664
-0.000954835980150
-0.000576379462575
0.000361807686226
0.001167241701830
0.001118825139793
0.000133700684715
-0.001189429786921
-0.001987374972151
-0.001699327173420
-0.000449822858507
0.000933060848149
0.001281258583775
0.000110129678273
-0.001769260115287
-0.002994964660248
-0.002722305207291
-0.001423332294811
-0.000132474311603
0.000609829625639
0.000540273412262
-0.000208853955859
-0.000828015119685
-0.000410006685969
0.000353287480597
-0.000419553939915
-0.001938804666735
-0.001073244887001
0.000862476834792
-0.001338495730527
-0.005061308791306
-0.002939615555387
0.001717444162751
-0.000119029486264
-0.004897821419100
-0.003214741856478
0.002114293321827
-0.001520071223423
-0.005955666819052
-0.006470098236369
-0.008556463132101
-0.010524784165983
-0.010880464129496
-0.006267436340332
0.003962294579012
0.011557251966942
0.011602559096036
0.003790115220356
-0.007315801447398
-0.017037649009926
-0.023390234827653
-0.025907393460977
-0.025808567685669
-0.026485665588971
-0.030779488528107
-0.035444507241749
-0.033922257260948
-0.029009109099668
-0.027532970133917
-0.031066471706930
-0.032218052836109
-0.022760313753945
-0.005830104529324
0.007019232658451
0.010648404792159
0.005871291803883
-0.001420352579766
-0.008503994393274
-0.012678747565792
-0.008914867082579
-0.003342245531207
-0.001632323213161
-0.007611684367597
-0.006637136972819
-0.001169704309926
-0.006162410079865
-0.006021069475471
0.005343786465343
0.005159782743297
-0.009128549066086
-0.000626587648842
-0.000586447518947
-0.000539166202472
-0.000485335288842
-0.000423349557420
-0.000355742519306
-0.000277369138098
-0.000183560183971
-0.000062939493062
0.000096365178216
0.000296413160013
0.000530019402066
0.000773050835616
0.000987424528038
0.001133465617001
0.001183830452105
0.001144583454875
0.001030151952169
0.000856766643881
0.000658323217440
0.000473193226305
0.000317324429138
0.000193987295280
0.000109846615390
0.000064745914719
0.000047742009988
0.000044389878877
0.000046495819958
0.000051139220066
0.000055957837371
0.000058309492133
0.000056304887619
0.000050999538437
0.000044300380905
0.000036604949373
0.000027842105101
0.000019029451707
0.000011620942451
0.000006267973560
0.000002597209488
-0.000000302755868
0.000002034684495
-0.044450782309261
-0.042288094402035
-0.041350145059319
-0.040759005462557
-0.039918423356346
-0.042018623580674
-0.053014665991189
-0.069128542657952
-0.080164404174478
-0.083272212780279
-0.083866804492107
-0.082069361202687
-0.076091708877205
-0.066054963104326
-0.051512513969592
-0.032455117552086
-0.007374807978330
0.025861157632495
0.057111940208609
0.077210808960166
0.094450346393093
0.110075871777297
0.116803195253463
0.111738683559397
0.099331531662633
0.079053067868401
0.046637094326467
0.013882670020856
-0.003484131023147
-0.002068536082507
-0.000831872424876
0.000220587582816
0.000000000000000
0.005385626592196
-0.010574061283948
0.000000000000000
0.000000000000000
0.008899479406647
-0.005911516770139
-0.017031727866091
-0.004446935025621
0.019775473536256
0.000000000000000
0.000000000000000
0.000000000000000
0.000000000000000
0.000000000000000
0.000000000000000
0.000000000000000
0.000000000000000
0.000000000000000
0.000000000000000
0.000000000000000
0.000000000000000
0.000000000000000
0.000000000000000
0.000000000000000
0.000000000000000
0.000000000000000
0.000000000000000
0.000000000000000
0.000000000000000
0.000000000000000
0.000000000000000
0.000000000000000
0.000000000000000
0.000000000000000
0.000000000000000
0.000000000000000
0.000000000000000
0.000000000000000
0.000000000000000
0.000000000000000
0.000000000000000
0.000000000000000
0.000000000000000
0.000000000000000
0.000000000000000
0.000000000000000
0.000000000000000
0.000000000000000
0.000000000000000
0.000000000000000
0.000000000000000
0.000000000000000
0.000000000000000
0.000000000000000
0.000000000000000
0.000000000000000
0.000000000000000
0.000000000000000
0.000000000000000
0.000000000000000
0.000000000000000
0.000000000000000
0.000000000000000
0.000000000000000
0.000000000000000
0.000000000000000
0.000000000000000
0.000000000000000
0.000000000000000
0.000000000000000
0.000000000000000
0.000000000000000
0.000000000000000
0.000000000000000
0.000000000000000
0.000000000000000
0.000000000000000
0.000000000000000
0.000000000000000
0.000000000000000
0.000000000000000
0.000000000000000
0.000000000000000
0.000000000000000
0.000000000000000
0.000000000000000
0.000000000000000
0.000000000000000
0.000000000000000
0.000000000000000
0.000000000000000
0.000000000000000
0.000000000000000
0.000000000000000
0.000000000000000
0.000000000000000
0.000000000000000
0.000000000000000
0.000000000000000
0.000000000000000
0.000000000000000
0.000000000000000
0.000000000000000
0.000000000000000
0.000000000000000
0.000000000000000
0.000000000000000
0.000000000000000
0.000000000000000
0.000000000000000
0.000000000000000
0.000000000000000
0.000000000000000
0.000000000000000
0.000000000000000
0.000000000000000
0.000000000000000
0.000000000000000
0.000000000000000
0.000000000000000
0.000000000000000
0.000000000000000
0.000000000000000
0.000000000000000
0.000000000000000
0.000000000000000
0.000000000000000
0.000000000000000
0.000000000000000
0.000000000000000
0.000000000000000
0.000000000000000
0.000000000000000
0.000000000000000
0.000000000000000
0.000000000000000
0.000000000000000
0.000000000000000
0.000000000000000
0.000000000000000
0.000000000000000
0.000000000000000
0.000000000000000
0.000000000000000
0.000000000000000
0.000000000000000
0.000000000000000
0.000000000000000
0.000000000000000
0.000000010861768
0.000000804039560
0.000034278550955
0.001135959486640
0.008757340539355
0.009255018319135
0.011394352902225
0.016853685223950
0.019132711292824
0.015931872871263
0.015212492370061
0.014783865511774
0.005607765119314
0.009037432758536
0.004291598567888
0.005265231028774
0.002263098906171
-0.001250942012320
-0.000230297597233
-0.000003318724573
0.000003244794132
0.000000009385174
-0.000000000018353
0.000000000000025
0.000000000000000
0.000000000000000
0.000000000000000
0.000000000000000
0.000000000000000
0.000000000000000
0.000000000000000
0.000000000000000
0.000000000000000
0.000000000000000
0.000000000000000
0.000000000000000
0.000000000000000
0.000000000000000
0.000000000000000
0.000000000000000
0.000000000000000
0.000000000000000
0.000000000000000
0.000000000000000
0.000000000000000
0.000000000000000
0.000000000000000
0.000000000000000
0.000000000000000
0.000000000000000
0.000000000000000
0.000000000000000
0.000000000000000
0.000000000000000
0.000000000000000
0.000000000000000
0.000000000000000
0.000000000000000
0.000000000000000
0.000000000000000
0.000000000000000
0.000000000000000
0.000000000000000
0.000000000000000
0.000000000000000
0.000000000000000
0.000000000000000
0.000000000000000
0.000000000000000
0.000000000000000
