0.047661994251706
0.048760303746648
0.047695918531640
0.045709657831637
0.043171988068299
0.039930873802809
0.035354397446631
0.028922346583243
0.018191824887204
0.003884279871658
-0.009899259448234
-0.018716380451332
-0.018937558498573
-0.011189528986209
-0.000614020020521
0.005559082179713
0.003994792838139
-0.000731302893807
-0.000417014721671
0.003764299169481
0.005024845070153
0.002919578291584
0.001476007503688
0.001534913821473
0.001019817490027
0.000528231847605
-0.000378599667799
-0.000078247170922
0.001285456845463
-0.004698043796350
-0.017820777666409
-0.010742161405816
0.007899054406891
0.011327682766914
-0.004901091359295
-0.015785638394552
-0.016627475810005
-0.007821319334760
0.005551874721806
0.008836779715336
0.006215822456554
-0.000609288077460
0.000308073596236
0.013099433905972
0.013062041332067
0.012453634985328
0.011311874177943
0.009381201061007
0.006488661037593
0.003150081122805
0.000537964709169
0.000016031195641
0.001807403617627
0.005431769184633
0.008557413508642
0.007924023884893
0.004055431904744
0.000284127095747
-0.003380930609741
-0.007124089710577
-0.006886874542921
-0.000769072212418
0.005533731790064
0.006226602110976
0.001453357496810
-0.004684940233563
-0.005998399211709
-0.002772375800994
0.001204235067525
0.003539128935132
0.004389979836435
0.003377954027446
-0.000667390094060
-0.003747240738725
0.000253622407531
0.006154113077405
0.004517162291573
0.000191446377807
0.000116326334758
0.002157393002633
0.002470301288300
0.000652000291976
-0.001293914089719
-0.002008611620973
0.002175811195377
-0.014006607865962
-0.013921559126325
-0.013579376727976
-0.011261977441199
-0.007069999345758
-0.003708319177266
-0.004688050650052
-0.009675706576519
0.001532755345658
0.006025934456848
0.002672190874061
0.002763801178448
0.000879486815665
-0.012076479190402
-0.023918582039603
-0.030509923475732
-0.028678544601678
-0.014963860857174
0.004130537139844
0.012192568569914
0.006236971961789
-0.003232295702136
-0.010623711549214
-0.016823711835974
-0.018296617386213
-0.014861527335529
-0.006422647382594
0.006991881062484
0.016952632561136
0.013797807496389
0.001133867616808
-0.002003739301433
-0.003663379783615
-0.008634692069625
-0.002235542439174
0.007979869047905
0.005991265139818
0.001842234721370
0.005499385743697
0.005583033553055
0.000079753366017
-0.012677191484567
-0.002219161524723
-0.002204180594089
-0.002186289848332
-0.002168111496978
-0.002147030111421
-0.002127668308361
-0.002117527357137
-0.002109421935999
-0.002081447601231
-0.002009107443915
-0.001870340156620
-0.001646810313163
-0.001350140519608
-0.001017322361744
-0.000687931317994
-0.000395983406963
-0.000158878861728
0.000026454334792
0.000151343368608
0.000209589819629
0.000215798151235
0.000193145165737
0.000171821017494
0.000160719789640
0.000157206488735
0.000150237997069
0.000139109795286
0.000130634202057
0.000126469461894
0.000124055966399
0.000117315683062
0.000104329021069
0.000088607443817
0.000073021348520
0.000059806982285
0.000048661120678
0.000038333843730
0.000029443112664
0.000022159461708
0.000015948790475
0.000010521948268
-0.000002111321665
-0.040381256552403
-0.042272251631388
-0.043567074218917
-0.045138677132857
-0.047323493787140
-0.049989436619309
-0.055952585549157
-0.075250857396438
-0.104339115891659
-0.122111201118569
-0.140111327440050
-0.156921411922608
-0.164458694261024
-0.162498135605085
-0.149693359343473
-0.128904199690362
-0.114345810256596
-0.104392030843138
-0.089495209167348
-0.068127190232739
-0.039646226630590
-0.013740611289530
-0.001709035189318
0.002477727743327
0.008226016375906
0.017100776907201
0.020197022401849
0.012595302216149
0.005891376665527
0.005264265502586
0.000774863155369
-0.005368359238451
0.000000000000000
-0.004274365807605
-0.011113977681713
0.000000000000000
0.000000000000000
-0.006946120128919
-0.005676187274771
0.002161834056377
0.008156804085308
0.009504991052167
0.000020337252826
0.000026936486548
0.000186355510792
0.000805837411489
0.002238774954444
0.002849306921865
0.012319234932275
-0.028079809243095
-0.023157257005112
-0.000267198726476
-0.003374759229504
-0.009938820653046
-0.002559044153447
-0.018853985031508
-0.003735813156298
0.030258495593371
0.045675285272410
0.036222853563614
-0.001519767085841
-0.000292816668272
0.000043956128282
-0.000022974103442
-0.000011792846842
0.000016754988695
0.000001178467368
0.000000000000000
0.000000000000000
0.000000000000000
0.000000000000000
0.000000000000000
0.000000000000000
0.000000000000000
0.000000000000000
0.000000000000000
0.000000000000000
0.000000000000000
0.000000000000000
0.000000000000000
0.000000000000000
0.000000000000000
0.000000000000000
0.000000000000000
0.023369233447137
0.018236085452564
0.012241540619575
0.005426056108274
-0.001880342678588
-0.008830716269145
-0.013850373502608
-0.014200998702298
-0.004943107140946
0.019338225422702
0.056925475936278
0.090012056745844
0.091398962920932
0.068559076591642
0.046079581480460
0.028917247883711
0.016633651128217
0.007904743529417
-0.000096419018659
-0.000194557897956
-0.000056851669990
0.000000780138703
0.000006464009394
0.000000026532125
0.000000022869255
0.000000015357971
0.000000000000000
0.000000000000000
0.000000000000000
0.000000000000000
0.000000000000000
0.000000000000000
0.000000000000000
0.000000000000000
0.000000000000000
0.000000000000000
0.000000000000000
0.000000000000000
0.000000000000000
0.000000000000000
0.000000000000000
0.000000000000000
0.000000000000000
0.000000000000000
0.000000000000000
0.000000000000000
0.000000000000000
0.000000000000000
0.000000000000000
0.000000000000000
0.000000000000000
0.000000000000000
0.000000000000000
0.000000000000000
0.000000000000000
0.000000000000000
0.000000000000000
0.000000000000000
0.000000000000000
0.000000000000000
0.000000000000000
0.000000000000000
0.000000000000000
0.000000000000000
0.000000000000000
0.000000000000000
0.000000000000000
0.000000000000000
0.000000000000000
0.000000000000000
0.000000000000000
0.000000000000000
0.000000000000000
0.000000000000000
0.000000000000000
0.000000000000000
0.000000000000000
0.000000000000000
0.000000000000000
0.000000000000000
0.000000000000000
0.000000000000000
0.000000000000000
0.000000000000000
0.000000000000000
0.000000000000000
0.000000000000000
0.000000000000000
0.000000000000000
0.000000000000000
0.000000000000000
0.000000000000000
0.000000000000000
0.000000000000000
0.000000000000000
0.000000000000000
0.000000000000000
0.000000000046890
0.000000092904072
0.000007149694050
0.000350333404899
0.004886219363856
0.039657048588209
0.032679844108966
0.016680367144072
-0.007608688685634
-0.026777120764615
-0.020808722434863
0.008677758733124
0.029491215724764
0.024955803120887
0.010655608579107
0.012232100256561
0.019030044937631
0.007829530900724
0.001164328745112
0.000325896756350
0.000041589128588
0.000000032975975
-0.000000002605863
-0.000000000003800
0.000000000000642
0.000000000000000
0.000000000000000
0.000000000000000
0.000000000000000
0.000000000000000
0.000000000000000
0.000000000000000
0.000000000000000
0.000000000000000
0.000000000000000
0.000000000000000
0.000000000000000
0.000000000000000
0.000000000000000
0.000000000000000
0.000000000000000
0.000000000000000
0.000000000000000
0.000000000000000
0.000000000000000
0.000000000000000
0.000000000000000
0.000000000000000
0.000000000000000
0.000000000000000
0.000000000000000
0.000000000000000
0.000000000000000
0.000000000000000
0.000000000000000
0.000000000000000
0.000000000000000
0.000000000000000
0.000000000000000
0.000000000000000
0.000000000000000
0.000000000000000
0.000000000000000
0.000000000000000
0.000000000000000
0.000000000000000
0.000000000000000
0.000000000000000
0.000000000000000
0.000000000000000
0.000000000000000
