0.158588000835594
0.166046950676567
0.165160236721171
0.159886467429530
0.150626719499674
0.136501489186311
0.113317204178140
0.075320955168310
0.030757022073837
-0.007809231961025
-0.034159907904881
-0.043857621236044
-0.036431659588286
-0.016913720019718
0.004398616826647
0.015943988479212
0.013113345814552
0.003590604264177
-0.003664962084465
-0.003614647368140
-0.000170936578912
0.000915165495934
-0.003720292548793
-0.007686457861331
-0.001281766913919
0.010035659793138
0.005234260211938
-0.006848770934623
-0.008600751480458
-0.009002472169617
0.003281853395399
0.012500350744676
-0.009624000287779
-0.017912586260875
-0.006749515461369
0.008321568948947
0.010938900365964
0.002599014100204
-0.008344190762871
-0.000530941291787
0.013363103750842
-0.001890314395825
0.003027399094570
0.002865390350355
0.001596227008207
-0.000522906152690
-0.003407677987315
-0.006758065052758
-0.009292926315162
-0.008898210789394
-0.004923586784761
0.000521706022385
0.005059514254862
0.007703773295602
0.007852779282030
0.004941001713528
-0.000611985155873
-0.006453171983467
-0.008661676391527
-0.004359626254420
0.004483152924898
0.010990911432270
0.009572222696968
0.001225631917772
-0.007837548891671
-0.010233345827316
-0.004481470969666
0.004002805549107
0.010063960893754
0.010560732096188
0.005091803558768
-0.003694895084745
-0.009429209950854
-0.005307400672492
0.005757063881040
0.008820241451528
0.000131871920270
-0.002731129286242
0.003504188491679
0.005687872507689
0.001863147065704
0.000957425649300
0.002872358437017
0.003194004716539
0.004345106784850
0.014613910617658
0.010095284110194
0.003794386814409
-0.007444534672792
-0.023749939490823
-0.032200087259097
-0.019328310882152
-0.005214303762672
-0.004131483750148
-0.006437830092139
-0.001970817710030
0.008609928371378
0.018435077599979
0.019463879492449
0.007295105631533
-0.012042482033677
-0.022879404308019
-0.015184831527920
0.001919164936134
0.009384033517556
0.002253399482891
-0.012021441013729
-0.014254245178966
0.002847029856824
0.014574994295818
0.008523632191878
-0.001679602206610
-0.009029602849586
-0.004705691508765
0.005405316181886
0.014340583386617
0.006347156385578
-0.007103754225101
-0.003337246794951
0.010791118749216
0.011120544160386
-0.002360948214333
-0.011917652368250
0.001459548647078
0.015749334876024
0.003368829195930
-0.007340456982452
-0.000134744734510
-0.000106355291698
-0.000070862291442
-0.000033333902102
0.000005698863449
0.000043959648752
0.000075690544478
0.000103779422401
0.000126131729038
0.000147369917460
0.000172810078266
0.000204756948683
0.000242119602239
0.000273296136400
0.000279760672694
0.000254745651194
0.000225503641692
0.000229347535528
0.000269336637562
0.000320181067947
0.000357978907608
0.000355699404681
0.000315844354731
0.000269064845735
0.000223141213585
0.000181271792609
0.000149308827884
0.000126638489379
0.000111248251620
0.000100847637139
0.000092489979885
0.000082930528090
0.000071485372130
0.000060278523738
0.000049976442686
0.000040052761976
0.000031134381582
0.000023574353235
0.000016945873104
0.000011256802342
0.000005993951593
0.000006932300396
-0.000727662692878
-0.012503188112660
-0.014943205755447
-0.010999048327673
-0.003943076255440
-0.007196558234926
-0.026857609375824
-0.037664245254869
-0.026160414441237
-0.011881475997068
-0.010118878810744
-0.020721844931707
-0.035387967674594
-0.043839989927914
-0.039438373012592
-0.026574798230116
-0.017927311041630
-0.025336747197936
-0.042451980598431
-0.046794130959529
-0.028247963548529
-0.003657969960362
0.006793843156622
0.002970226156423
-0.004009799733043
-0.006082972392961
-0.000585356160810
0.003283006110261
0.000167426333022
-0.001125929304268
0.004291922108600
0.005607477577477
0.000000000000000
0.003832005167407
-0.003489500271074
0.000000000000000
0.000000000000000
0.016636978389107
-0.003875435417863
-0.015942034772902
-0.002255903048530
0.025682460430252
0.000000000000000
0.000000000000000
0.000000000000000
0.000000000000000
0.000000000000000
0.000000000000000
0.000000000000000
0.000000000000000
0.000000000000000
0.000000000000000
0.000000000000000
0.000000000000000
0.000000000000000
0.000000000000000
0.000000000000000
0.000000000000000
0.000000000000000
0.000000000000000
0.000000000000000
0.000000000000000
0.000000000000000
0.000000000000000
0.000000000000000
0.000000000000000
0.000000000000000
0.000000000000000
0.000000000000000
0.000000000000000
0.000000000000000
0.000000000000000
0.000000000000000
0.000000000000000
0.000000000000000
0.000000000000000
0.000000000000000
0.000000000000000
0.000000000000000
0.000000000000000
0.000000000000000
0.000000000000000
0.000000000000000
0.000000000000000
0.000000000000000
0.000000000000000
0.000000000000000
0.000000000000000
0.000000000000000
0.000000000000000
0.000000000000000
0.000000000000000
0.000000000000000
0.000000000000000
0.000000000000000
0.000000000000000
0.000000000000000
0.000000000000000
0.000000000000000
0.000000000000000
0.000000000000000
0.000000000000000
0.000000000000000
0.000000000000000
0.000000000000000
0.000000000000000
0.000000000000000
0.000000000000000
0.000000000000000
0.000000000000000
0.000000000000000
0.000000000000000
0.000000000000000
0.000000000000000
0.000000000000000
0.000000000000000
0.000000000000000
0.000000000000000
0.000000000000000
0.000000000000000
0.000000000000000
0.000000000000000
0.000000000000000
0.000000000000000
0.000000000000000
0.000000000000000
0.000000000000000
0.000000000000000
0.000000000000000
0.000000000000000
0.000000000000000
0.000000000000000
0.000000000000000
0.000000000000000
0.000000000000000
0.000000000000000
0.000000000000000
0.000000000000000
0.000000000000000
0.000000000000000
0.000000000000000
0.000000000000000
0.000000000000000
0.000000000000000
0.000000000000000
0.000000000000000
0.000000000000000
0.000000000000000
0.000000000000000
0.000000000000000
0.000000000000000
0.000000000000000
0.000000000000000
0.000000000000000
0.000000000000000
0.000000000000000
0.000000000000000
0.000000000000000
0.000000000000000
0.000000000000000
0.000000000000000
0.000000000000000
0.000000000000000
0.000000000000000
0.000000000000000
0.000000000000000
0.000000000000000
0.000000000000000
0.000000000000000
0.000000000000000
0.000000000000000
0.000000000000000
0.000000000000000
0.000000000000000
0.000000000000000
0.000000000000000
0.000000000000000
0.000000000000000
0.000000000000000
0.000000000000000
0.000000000000000
0.000000000000000
-0.000000009892426
-0.000000180012353
0.000005069580234
0.000367760059910
-0.001856644102288
-0.001863465245192
-0.000571119379881
-0.002792745559450
-0.007127606452165
-0.001730644424353
0.002636860193409
-0.001207204072756
0.002804990342386
-0.000613585163918
0.001509345819589
0.001289424418007
0.001155975832782
0.001463307624141
-0.000001939010577
-0.000165427609630
-0.000001700760577
-0.000000005348061
-0.000000000043967
-0.000000000000709
0.000000000000000
0.000000000000000
0.000000000000000
0.000000000000000
0.000000000000000
0.000000000000000
0.000000000000000
0.000000000000000
0.000000000000000
0.000000000000000
0.000000000000000
0.000000000000000
0.000000000000000
0.000000000000000
0.000000000000000
0.000000000000000
0.000000000000000
0.000000000000000
0.000000000000000
0.000000000000000
0.000000000000000
0.000000000000000
0.000000000000000
0.000000000000000
0.000000000000000
0.000000000000000
0.000000000000000
0.000000000000000
0.000000000000000
0.000000000000000
0.000000000000000
0.000000000000000
0.000000000000000
0.000000000000000
0.000000000000000
0.000000000000000
0.000000000000000
0.000000000000000
0.000000000000000
0.000000000000000
0.000000000000000
0.000000000000000
0.000000000000000
0.000000000000000
0.000000000000000
0.000000000000000
