0.011554837903575
0.012081735398234
0.012195736631770
0.011907057442814
0.010830094356874
0.008330144163269
0.005333596757054
0.002847114985145
0.001149680465084
0.000185587740605
-0.000355937249878
-0.001390327571472
-0.003461865420587
-0.005222952458164
-0.004717407112210
-0.001436827938289
0.004100504066983
0.008331894993134
0.006608609148468
0.000096600724898
-0.004960242963661
-0.005766557573717
-0.004705827834028
-0.000077977385960
0.005912289754548
0.007548211510896
0.001299659306220
-0.004671724529088
-0.004290673197194
0.002966001674594
0.008521096076649
0.000002621784945
-0.008855826298319
-0.003676235263681
0.006569058319306
0.007532812727558
0.001575837484533
-0.004537445603521
-0.008014697985276
-0.000733041990235
0.002904139292312
-0.001008582024219
0.000322567772746
-0.001867047123498
-0.001444239856122
-0.000714640991886
0.000287357143889
0.001287870543261
0.001708931716856
0.000977502800386
-0.000530568662791
-0.001594509032635
-0.001463032633012
-0.000448739137107
0.000622846347886
0.001065706122641
0.000724944493621
-0.000012966689120
-0.000555800058779
-0.000473673402351
0.000243458164202
0.001002182743568
0.000968726407883
0.000038007150484
-0.000663673695287
-0.000420410712429
0.000292692101238
0.000879219631685
0.000791557596586
0.000230660444437
-0.000175346116688
0.000040960584053
0.000800686829056
0.000975562853520
0.000115529032821
0.000091695567432
0.000753652167049
0.000644538099992
0.000573258709141
0.000753934389350
0.000464477511928
0.000172255814564
0.000740427397735
0.001447872820874
-0.000861108123710
0.002712808711427
0.003525319763866
0.005378214830906
0.007584782796446
0.007913454435388
0.001484116532471
-0.008464250367959
-0.014127293058838
-0.013637358658218
-0.007771313847288
-0.002240411910630
-0.001159875430452
-0.004243681547045
-0.008400976384740
-0.011167825479271
-0.011476677351354
-0.009781985681805
-0.008923735767060
-0.009191910134674
-0.009648726188490
-0.008343920440554
-0.005850955093828
-0.007932164563008
-0.006390106987573
-0.000089176026843
0.001782150464831
-0.002138989923801
-0.007970814954156
-0.003285794419708
0.005622499248915
0.005203048299716
-0.002136629251614
-0.003137086006005
0.001922398675625
0.002404268746200
-0.002174852155889
-0.002300103026173
-0.001691031357180
-0.001769870733111
-0.000614493583548
-0.002505415213226
0.000727851588386
0.000336000156233
0.000333372431874
0.000332925868084
0.000336645564405
0.000346406731399
0.000363598915757
0.000381171178037
0.000390871154878
0.000389000316465
0.000371861321033
0.000333832693612
0.000270688537114
0.000187648259562
0.000085919652720
-0.000024075917510
-0.000124617280028
-0.000208111043052
-0.000283568275666
-0.000354705623324
-0.000408026214999
-0.000440746855529
-0.000456059336500
-0.000462241399216
-0.000464609403335
-0.000453323952951
-0.000425597122590
-0.000388162672784
-0.000348718313347
-0.000310579066876
-0.000273495299821
-0.000236979349942
-0.000201578116419
-0.000168873098474
-0.000140084009481
-0.000115015261948
-0.000093031987948
-0.000073786883319
-0.000057022719098
-0.000042273422530
-0.000029303489156
-0.000017911288095
-0.000004572534179
0.035820166850194
0.034459371856456
0.033731901177511
0.033246231184481
0.034667431957736
0.042370172479098
0.055934625336060
0.071582953884274
0.081848768104114
0.086224866274012
0.091940433293537
0.099898455947986
0.107357347642724
0.111178887805540
0.109242394660580
0.101308195504519
0.089782788065741
0.079507035041972
0.075403836555556
0.076792863485098
0.075456764955296
0.067485328872065
0.057365672667341
0.046433433344088
0.036124813618271
0.025427925295333
0.013993039176878
0.004984832132130
0.002551795876408
0.003082700778286
0.003236416880025
-0.000941220390342
0.000000000000000
0.000493322662785
-0.001819303251341
0.000000000000000
0.000000000000000
0.001564213700202
0.004452089234992
-0.004387566585472
-0.003751544556905
0.012079447266410
0.000000000000000
0.000000000000000
0.000000000000000
0.000000000000000
0.000000000000000
0.000000000000000
0.000000000000000
0.000000000000000
0.000000000000000
0.000000000000000
0.000000000000000
0.000000000000000
0.000000000000000
0.000000000000000
0.000000000000000
0.000000000000000
0.000000000000000
0.000000000000000
0.000000000000000
0.000000000000000
0.000000000000000
0.000000000000000
0.000000000000000
0.000000000000000
0.000000000000000
0.000000000000000
0.000000000000000
0.000000000000000
0.000000000000000
0.000000000000000
0.000000000000000
0.000000000000000
0.000000000000000
0.000000000000000
0.000000000000000
0.000000000000000
0.000000000000000
0.000000000000000
0.000000000000000
0.000000000000000
0.000000000000000
0.000000000000000
0.000000000000000
0.000000000000000
0.000000000000000
0.000000000000000
0.000000000000000
0.000000000000000
0.000000000000000
0.000000000000000
0.000000000000000
0.000000000000000
0.000000000000000
0.000000000000000
0.000000000000000
0.000000000000000
0.000000000000000
0.000000000000000
0.000000000000000
0.000000000000000
0.000000000000000
0.000000000000000
0.000000000000000
0.000000000000000
0.000000000000000
0.000000000000000
0.000000000000000
0.000000000000000
0.000000000000000
0.000000000000000
0.000000000000000
0.000000000000000
0.000000000000000
0.000000000000000
0.000000000000000
0.000000000000000
0.000000000000000
0.000000000000000
0.000000000000000
0.000000000000000
0.000000000000000
0.000000000000000
0.000000000000000
0.000000000000000
0.000000000000000
0.000000000000000
0.000000000000000
0.000000000000000
0.000000000000000
0.000000000000000
0.000000000000000
0.000000000000000
0.000000000000000
0.000000000000000
0.000000000000000
0.000000000000000
0.000000000000000
0.000000000000000
0.000000000000000
0.000000000000000
0.000000000000000
0.000000000000000
0.000000000000000
0.000000000000000
0.000000000000000
0.000000000000000
0.000000000000000
0.000000000000000
0.000000000000000
0.000000000000000
0.000000000000000
0.000000000000000
0.000000000000000
0.000000000000000
0.000000000000000
0.000000000000000
0.000000000000000
0.000000000000000
0.000000000000000
0.000000000000000
0.000000000000000
0.000000000000000
0.000000000000000
0.000000000000000
0.000000000000000
0.000000000000000
0.000000000000000
0.000000000000000
0.000000000000000
0.000000000000000
0.000000000000000
0.000000000000000
0.000000000000000
0.000000000000000
0.000000000000000
0.000000000000000
0.000000000000000
0.000000000000000
0.000000000000000
0.000000000000000
-0.000000011229500
-0.000000325904861
-0.000014481229868
-0.000343400307768
0.002129345545567
0.004531893726121
0.005638228467843
0.005952456949323
0.004914072174045
0.004805235196864
0.005124291421165
0.002519457756449
0.004362268985777
0.000371380935296
0.002944074158688
-0.000933580596920
0.001306936949351
0.001461201456094
0.000148662645537
-0.000027067323270
0.000001514907685
0.000000005685229
-0.000000000003363
0.000000000000035
0.000000000000000
0.000000000000000
0.000000000000000
0.000000000000000
0.000000000000000
0.000000000000000
0.000000000000000
0.000000000000000
0.000000000000000
0.000000000000000
0.000000000000000
0.000000000000000
0.000000000000000
0.000000000000000
0.000000000000000
0.000000000000000
0.000000000000000
0.000000000000000
0.000000000000000
0.000000000000000
0.000000000000000
0.000000000000000
0.000000000000000
0.000000000000000
0.000000000000000
0.000000000000000
0.000000000000000
0.000000000000000
0.000000000000000
0.000000000000000
0.000000000000000
0.000000000000000
0.000000000000000
0.000000000000000
0.000000000000000
0.000000000000000
0.000000000000000
0.000000000000000
0.000000000000000
0.000000000000000
0.000000000000000
0.000000000000000
0.000000000000000
0.000000000000000
0.000000000000000
0.000000000000000
