11.13
11.572
11.757
11.931
12.152
12.44
12.701
12.813
12.778
12.676
12.57
12.492
12.414
12.303
12.151
11.965
11.744
11.465
11.109
10.656
10.146
9.5662
8.9316
8.3579
7.9885
7.8967
8.2796
9.0883
9.9352
10.039
8.882
7.2949
7.3087
9.3182
11.634
13.643
15.474
17.389
19.848
22.49
24.336
26.094
-2.8424e-07
-0.0021697
-0.0048888
-0.0081548
-0.01191
-0.01606
-0.020362
-0.024272
-0.02704
-0.028214
-0.028164
-0.027658
-0.027284
-0.027289
-0.028078
-0.030628
-0.035075
-0.038343
-0.036111
-0.027537
-0.014675
0.00098583
0.018106
0.035027
0.050345
0.061065
0.064083
0.056626
0.038824
0.01654
0.00094207
-0.00096187
0.0041692
0.0053717
0.0025877
0.0013451
0.0022263
0.0022785
0.00084357
-0.00064487
-0.0022664
-0.0029142
-0.0024475
300.75
300.01
299.26
298.46
297.6
296.72
295.85
294.95
293.94
292.77
291.43
289.9
288.15
286.15
283.87
281.26
278.21
275
271.97
268.78
265.23
261.26
256.75
251.64
245.89
239.44
232.35
224.76
216.98
209.52
203.17
198.99
197.78
199.42
202.95
207.07
210.81
213.87
216.59
219.5
222.78
226.44
1.0048e+05
99608
98606
97460
96151
94663
92981
91088
88969
86611
84006
81148
78040
74688
71110
67329
63377
59291
55118
50907
46709
42575
38553
34683
31001
27536
24307
21325
18595
16117
13882
11881
10098
8518.6
7126.2
5903.7
4833.5
3899.9
3087.9
2383.1
1772.2
1244.3
0.018665
0.01817
0.017868
0.017543
0.017095
0.016417
0.015481
0.014431
0.013448
0.012567
0.011736
0.010898
0.010032
0.0091627
0.0083129
0.007525
0.0068824
0.0063263
0.0056603
0.0047741
0.0038513
0.0029555
0.0021422
0.0014583
0.00092348
0.00053406
0.00027808
0.00012988
5.5331e-05
2.2635e-05
1.0089e-05
5.8579e-06
4.5975e-06
3.7577e-06
2.4865e-06
1.9359e-06
2.9849e-06
4.8588e-06
5.7106e-06
4.4993e-06
3.2521e-06
3.0205e-06
4.3593e-09
7.4737e-09
3.512e-08
1.6532e-07
5.9859e-07
1.3682e-06
2.1831e-06
1.1264e-06
3.474e-07
1.1421e-07
8.4532e-08
7.6805e-08
7.2566e-08
7.4491e-08
8.8743e-08
1.4949e-07
1.6659e-06
1.7193e-05
2.2723e-05
1.758e-05
9.7868e-06
3.7797e-06
8.7525e-07
1.1185e-07
8.101e-09
0
0
0
0
0
0
0
0
0
0
0
0
0
0
0
0
0
2.1463e-05
2.1676e-05
2.194e-05
2.2251e-05
2.262e-05
2.3077e-05
2.3678e-05
2.4497e-05
2.5594e-05
2.7012e-05
2.8799e-05
3.1022e-05
3.3783e-05
3.7187e-05
4.1242e-05
4.5452e-05
4.6271e-05
3.1728e-05
7.6404e-07
2.8587e-07
1.3509e-07
5.8589e-08
2.5861e-08
7.7539e-09
5.4136e-10
2.9433e-11
0
0
0
0
0
0
0
0
0
0
0
0
0
0
0
0
0
0
0
0
0
0
0
0
0
0
0
0
0
0
0
0
0
4.4032e-12
1.2748e-09
1.0486e-08
1.7441e-08
2.5402e-08
3.7707e-08
7.2005e-08
1.914e-07
4.7701e-07
1.04e-06
1.6057e-06
1.8071e-06
1.5401e-06
1.0072e-06
4.4057e-07
1.28e-07
1.3639e-08
5.2481e-11
8.264e-15
0
0
0
0
0
0
0
0
0
0
0
0
0
0
0
0
0
0
0
5.3389e-12
1.4971e-09
1.2779e-07
3.062e-06
3.0993e-05
0.00025225
0.00030903
0.00035028
0.00038598
0.0004168
0.00044168
0.00045768
0.00046287
0.00045868
0.00044249
0.00039959
0.0003048
0.00016394
4.4782e-05
4.9595e-06
2.5281e-07
2.8833e-09
2.1171e-11
2.9163e-13
5.6981e-15
4.7637e-17
0
0
0
0
0
0
0
0
0
0
0
0
0
0
6.3673e-15
4.0054e-12
7.6634e-11
8.0072e-10
1.7313e-08
2.1832e-07
1.6548e-06
9.6951e-06
8.9067e-06
8.4553e-06
8.1039e-06
7.7215e-06
7.2956e-06
6.7361e-06
6.0384e-06
5.214e-06
4.2667e-06
3.1868e-06
1.977e-06
8.532e-07
1.8859e-07
2.202e-08
2.0916e-09
6.6634e-11
1.4231e-13
0
0
0
0
0
0
