0.002515858749375
0.002694724508795
0.002747081024593
0.002763395741364
0.002644075878783
0.002440519833288
0.002101535769144
0.001556145013754
0.000909132225816
0.000240710277930
-0.000319836865944
-0.000735386762304
-0.001093627631490
-0.001328484212988
-0.001220728798704
-0.000745341670449
0.000253231763673
0.001303161924928
0.001147458601977
-0.000310986191342
-0.001615897047475
-0.001957192838373
-0.001231346928157
0.000090782807322
0.000863386264858
0.001132380773041
0.000080529083122
-0.001379269970127
-0.001202034139201
-0.000115133504670
0.000813530238082
0.000475054832881
-0.002580882508585
-0.000520401419630
0.001966563086271
0.001551857139147
-0.000145970602960
-0.000332103608320
0.000116774435519
0.000760286491460
0.000472296174164
0.000858054150237
0.000970367857525
-0.000180088776194
-0.000184193757503
-0.000176481232161
-0.000139469717440
-0.000082333701313
-0.000000400175349
0.000089013017928
0.000155483538881
0.000174027142507
0.000098132965531
-0.000088061228148
-0.000317209614869
-0.000475544653847
-0.000424603276468
-0.000086014684630
0.000433129922930
0.000695554495556
0.000096631770699
-0.001210712721930
-0.001916501799259
-0.001096639516198
-0.000041950625383
-0.000275854869811
-0.000570418908911
0.000154620026631
0.000196503502938
-0.001106826089688
-0.001380304641942
0.000366799874775
0.001952232761166
0.001158834531477
-0.000849587279405
-0.001181254432394
-0.000189110360186
-0.000286367168846
-0.000961405312984
-0.000878329367812
-0.000380755578831
-0.000167726017187
-0.000186764666238
-0.000166048117936
0.000693480249698
0.000318081242865
0.000120107863406
-0.000056392692700
-0.000036053789368
-0.000292464275784
-0.000630386415314
-0.000954203935585
-0.001242082797440
-0.001048133824754
-0.000853636913380
-0.001191055745519
-0.002097860640469
-0.003329490652504
-0.004470349664722
-0.004877033444083
-0.004427281624476
-0.004513978509773
-0.005886125134896
-0.006770936403992
-0.006438781843467
-0.006945314886124
-0.007948632301224
-0.008693146763358
-0.008064613779080
-0.004510309028195
0.000446582717720
0.001521268105424
0.000779046047599
0.002724920467589
0.003065844121386
-0.000423583595075
-0.002618263924996
-0.000002121484610
0.001280498679277
-0.001453683785218
-0.003072673883938
-0.001683052593530
0.000413909460246
0.000959608591175
0.000041976304217
-0.000183128425424
-0.001734658609548
0.000297093903453
0.000306091975042
0.000316964864857
0.000329050390415
0.000341752048719
0.000355658523669
0.000371285141356
0.000387039028289
0.000401102953512
0.000404366656462
0.000388594671417
0.000352869463131
0.000304973753290
0.000254218250712
0.000207271249319
0.000165080907734
0.000122665645151
0.000079925223168
0.000036547139014
-0.000006992530583
-0.000048881795840
-0.000086875741543
-0.000117622009969
-0.000138455345929
-0.000151812758541
-0.000156283561186
-0.000152282186051
-0.000143058933997
-0.000130673880320
-0.000116634359754
-0.000101946033816
-0.000086580018932
-0.000071210242294
-0.000057201224839
-0.000045101861779
-0.000034669758368
-0.000025606342232
-0.000017788134780
-0.000011055491673
-0.000004990221240
0.000000609996713
0.000000442233655
0.000496027496913
0.000405770693808
0.000338008170461
0.000271705693577
0.000886744344881
0.001849166792412
0.003374671811901
0.004705544988271
0.004972144970978
0.005226388631185
0.006351466285852
0.008324502198182
0.010706084307126
0.012758951571927
0.013727260746073
0.013297986667166
0.013027067946100
0.015003641668006
0.018799743573513
0.024313745027322
0.030060530074439
0.032710165870086
0.030787342365785
0.026664545639494
0.023502134334949
0.018441594550039
0.007159144527462
-0.004083135824262
-0.004480904407517
0.001467923774058
0.002947295218542
-0.001426503320494
0.000000000000000
0.001751514721434
-0.000436340294503
0.000000000000000
0.000000000000000
-0.000297255710608
-0.000411168218229
-0.003116164603520
-0.004718989715314
0.000000000000000
-0.000067281407009
0.000040179964200
0.000188746244391
-0.000007979716288
-0.000137611072632
-0.000321465074421
-0.000894641954315
-0.001934769161075
-0.000249329795573
-0.000048626467720
-0.000011190624342
-0.000007715819097
-0.000002030534892
0.000013183288522
0.000022392755380
0.000013769532100
0.000005164916386
-0.000085715601581
-0.000063201881899
0.000185825082830
0.000410669273777
0.000637399128988
0.000423190780407
0.000021430796060
0.000015803003744
0.000000000000000
0.000000000000000
0.000000000000000
0.000000000000000
0.000000000000000
0.000000000000000
0.000000000000000
0.000000000000000
0.000000000000000
0.000000000000000
0.000000000000000
0.000000000000000
0.000000000000000
0.000000000000000
0.000000000000000
0.000000000000000
0.000000000000000
-0.000457005090672
-0.000246932117470
-0.000085747206049
0.000016601906550
0.000060426752125
0.000052716528975
0.000011692314716
-0.000062190826209
-0.000164482717588
-0.000268329609648
-0.000264337581389
0.000120406268338
0.001037184174821
0.002026531784815
0.002985469780012
0.004326696990351
0.005646581848922
0.002692655028209
-0.000613852994478
-0.000292876288184
-0.000116672852810
-0.000026429286566
-0.000009740221703
-0.000003492639030
-0.000000341995329
-0.000000004730020
0.000000000000000
0.000000000000000
0.000000000000000
0.000000000000000
0.000000000000000
0.000000000000000
0.000000000000000
0.000000000000000
0.000000000000000
0.000000000000000
0.000000000000000
0.000000000000000
0.000000000000000
0.000000000000000
0.000000000000000
0.000000000000000
0.000000000000000
0.000000000000000
0.000000000000000
0.000000000000000
0.000000000000000
0.000000000000000
0.000000000000000
0.000000000000000
0.000000000000000
0.000000000000000
0.000000000000000
0.000000000000000
0.000000000000000
0.000000000000000
0.000000000000000
0.000000000000000
0.000000000000000
0.000000000000000
0.000000000000000
0.000000000000000
0.000000000000000
0.000000000000000
0.000000000000000
0.000000000000000
0.000000000000000
0.000000000000000
0.000000000000000
0.000000000000000
0.000000000000000
0.000000000000000
0.000000000000000
0.000000000000000
0.000000000000000
0.000000000000000
0.000000000000000
0.000000000000000
0.000000000000000
0.000000000000000
0.000000000000000
0.000000000000000
0.000000000000000
0.000000000000000
0.000000000000000
0.000000000000000
0.000000000000000
0.000000000000000
0.000000000000000
0.000000000000000
0.000000000000000
0.000000000000000
0.000000000000000
0.000000000000000
0.000000000000000
0.000000000000000
0.000000000000000
-0.000000000033108
0.000000000104065
0.000000525860975
0.000037748095100
0.001121039917353
0.009967261443320
0.025840641809796
0.047186532361191
0.065107082925535
0.070447563380889
0.068071079118250
0.072402248691136
0.076198842302867
0.061926858767150
0.042716616998504
0.033622750388876
0.022834973614460
0.008273940093215
0.001425806645337
0.000169098459428
0.000013074026173
0.000000144105903
0.000000000811350
0.000000000003208
-0.000000000000003
0.000000000000000
0.000000000000000
0.000000000000000
0.000000000000000
0.000000000000000
0.000000000000000
0.000000000000000
0.000000000000000
0.000000000000000
0.000000000000000
0.000000000000000
0.000000000000000
0.000000000000000
0.000000000000000
0.000000000000000
0.000000000000000
0.000000000000000
0.000000000000000
0.000000000000000
0.000000000000000
0.000000000000000
0.000000000000000
0.000000000000000
0.000000000000000
0.000000000000000
0.000000000000000
0.000000000000000
0.000000000000000
0.000000000000000
0.000000000000000
0.000000000000000
0.000000000000000
0.000000000000000
0.000000000000000
0.000000000000000
0.000000000000000
0.000000000000000
0.000000000000000
0.000000000000000
0.000000000000000
0.000000000000000
0.000000000000000
0.000000000000000
0.000000000000000
0.000000000000000
0.000000000000000
