-0.016144813028197
-0.016664303724662
-0.016120706971009
-0.014701903254154
-0.012718246290712
-0.010164905985087
-0.006931372086693
-0.003359061859102
-0.000752643325715
0.001072006313115
0.002978460979131
0.005009032726954
0.005958631663491
0.004497029249992
0.000433674380565
-0.004864657069448
-0.008165874832079
-0.008133593390992
-0.004844048150841
-0.000075241859436
0.002959404842956
0.003636706340688
0.004572041091962
0.004988299148942
-0.000435956518925
-0.007288552008424
-0.006613665619609
0.002559362077528
0.005825946902760
0.000777762028587
-0.002691840034321
-0.004618818413371
0.004304870297578
0.004001051042039
-0.001333177238307
-0.011608096715442
-0.016283711965212
-0.009647877905914
0.001191176271811
0.002732818694040
0.001387520059754
-0.000461476961197
0.004193155547685
0.001805810934675
0.001573608659946
0.001186240241325
0.000615931331493
-0.000039800509457
-0.000528453449459
-0.000479251174362
0.000083469249884
0.000513384404644
0.000331395010183
-0.000317866834704
-0.000896004970973
-0.000995010048872
-0.000614343551003
-0.000052927644394
0.000305159595770
0.000267289978644
-0.000102212846314
-0.000759020761421
-0.001365330088337
-0.001286796482406
-0.000772798207598
-0.000466069769845
0.000020678234148
0.000912194199574
0.001431684470309
0.000768894192228
-0.000350571760996
-0.001498522656984
-0.002694779266859
-0.002103492804333
0.000676808828906
0.001686418107696
-0.000208222241406
-0.001794380033960
-0.002292876617550
-0.001815403212721
-0.000382982825655
0.000062947842929
-0.001134482695438
-0.002160251470152
0.001405591607339
-0.010674087867983
-0.010621125552719
-0.011107813044305
-0.010856792540256
-0.008826073371143
-0.003948012172095
0.005134848626517
0.015834578870599
0.020700914299527
0.016143041120226
0.006647286645064
-0.002774155719567
-0.008961045583620
-0.011243621504622
-0.009882105579913
-0.005134761305616
0.001580548799396
0.007891267316692
0.009416124124716
0.001707612928893
-0.005961488798508
-0.005929464307370
-0.001884325377030
0.000774095581732
0.000356543666991
-0.002300252885261
-0.002434128257934
0.001970743657432
0.006034224489418
0.001669416047766
-0.005244198929590
-0.003519776282292
-0.005142859217830
-0.002602462944574
0.002711041401092
0.000810656590978
-0.001187155475280
0.001923219370800
0.005593390624051
0.005584723370528
0.001062107475564
-0.007428140609889
-0.002289234919089
-0.002253574561038
-0.002211426854601
-0.002172246812017
-0.002129690501958
-0.002095086559267
-0.002062836775850
-0.001990176269306
-0.001827509659710
-0.001561864297639
-0.001180016402824
-0.000685378680070
-0.000136853074921
0.000384493818107
0.000803431438136
0.001076953270856
0.001209650692552
0.001260486360712
0.001275219812519
0.001246005194474
0.001160084307914
0.001053945950762
0.000945425770978
0.000876645088245
0.000833766340188
0.000785341476592
0.000729814251523
0.000679970589544
0.000639998326842
0.000600843870438
0.000550548467342
0.000484261011774
0.000409495348453
0.000336702907530
0.000271330792883
0.000214532866604
0.000165155902798
0.000122416836657
0.000084973881069
0.000052175237560
0.000023436513586
0.000006230702967
-0.056125792652992
-0.054560106275918
-0.054151413509164
-0.054196061745959
-0.055254573204985
-0.060509524590067
-0.075103613273829
-0.096957053365735
-0.112722014831476
-0.118543577710605
-0.120572298056898
-0.121061595949005
-0.119091392067750
-0.113874971828512
-0.106464943997854
-0.094252738022098
-0.077324953556560
-0.062327510083811
-0.053819251925498
-0.045805047486314
-0.034829010108659
-0.023157339497128
-0.015000909537138
-0.011435403515934
-0.009202708870969
-0.005106608102352
0.003328384422211
0.006048272605921
-0.001292644649186
-0.006165311621229
-0.001946261695065
0.000403163131912
0.000000000000000
-0.004775745150294
-0.006812348533356
0.000000000000000
0.000000000000000
0.006310668863703
-0.005919115166894
0.002068897689845
0.014071038209511
0.000000000000000
-0.001720680260129
-0.002975102284320
-0.001695442769979
-0.002306837150052
-0.003943394653373
-0.004146961917438
-0.004819212381241
-0.005399042180794
-0.002346111637441
-0.000551510297676
-0.000213561815274
-0.000206251410491
-0.000195866092884
-0.000186226466781
-0.000212264086718
-0.000186247624692
-0.000281632250147
-0.000277251946043
-0.000628779123583
-0.000728613701215
-0.000303330347514
0.000681074416446
0.000630888799064
0.000067726398923
-0.000076071338933
0.000000000000000
0.000000000000000
0.000000000000000
0.000000000000000
0.000000000000000
0.000000000000000
0.000000000000000
0.000000000000000
0.000000000000000
0.000000000000000
0.000000000000000
0.000000000000000
0.000000000000000
0.000000000000000
0.000000000000000
0.000000000000000
0.000000000000000
-0.001716258217695
-0.001564757883358
-0.001571354690721
-0.001748738065248
-0.002062778192730
-0.002418320193186
-0.002732169893697
-0.002956384103298
-0.002991326089813
-0.002833619344294
-0.002829600736824
-0.003443495254944
-0.004256500768366
-0.004648504205960
-0.004609765990450
-0.004041121871511
-0.003255323913310
-0.004494146682334
-0.000858986659624
-0.000460920156666
-0.000322064749782
-0.000117402325213
-0.000045220036340
-0.000014783826025
-0.000000850185271
0.000000012634141
0.000000000000000
0.000000000000000
0.000000000000000
0.000000000000000
0.000000000000000
0.000000000000000
0.000000000000000
0.000000000000000
0.000000000000000
0.000000000000000
0.000000000000000
0.000000000000000
0.000000000000000
0.000000000000000
0.000000000000000
0.000000000000000
0.000000000000000
0.000000000000000
0.000000000000000
0.000000000000000
0.000000000000000
0.000000000000000
0.000000000000000
0.000000000000000
0.000000000000000
0.000000000000000
0.000000000000000
0.000000000000000
0.000000000000000
0.000000000000000
0.000000000000000
0.000000000000000
0.000000000000000
0.000000000000000
0.000000000000000
0.000000000000000
0.000000000000000
0.000000000000000
0.000000000000000
0.000000000000000
0.000000000000000
0.000000000000000
0.000000000000000
0.000000000000000
0.000000000000000
0.000000000000000
0.000000000000000
0.000000000000000
0.000000000000000
0.000000000000000
0.000000000000000
0.000000000000000
0.000000000000000
0.000000000000000
0.000000000000000
0.000000000000000
0.000000000000000
0.000000000000000
0.000000000000000
0.000000000000000
0.000000000000000
0.000000000000000
0.000000000000000
0.000000000000000
0.000000000000000
0.000000000000000
0.000000000000000
0.000000000000000
0.000000000000000
0.000000000000000
0.000000000000000
0.000000000865408
0.000000108569711
0.000002492268522
0.000041333686705
0.001011992418138
0.001378820508938
0.003381767582200
0.008944622000501
0.015289837502546
0.016125680135332
0.013510684845681
0.016626636858340
0.020566008020985
0.014842271763638
0.006539700935915
0.008188679435459
0.009134961521655
0.003639328113091
0.000793893239982
0.000208551959632
0.000001680537396
-0.000000674009637
-0.000000011626712
-0.000000000008118
-0.000000000000049
0.000000000000000
0.000000000000000
0.000000000000000
0.000000000000000
0.000000000000000
0.000000000000000
0.000000000000000
0.000000000000000
0.000000000000000
0.000000000000000
0.000000000000000
0.000000000000000
0.000000000000000
0.000000000000000
0.000000000000000
0.000000000000000
0.000000000000000
0.000000000000000
0.000000000000000
0.000000000000000
0.000000000000000
0.000000000000000
0.000000000000000
0.000000000000000
0.000000000000000
0.000000000000000
0.000000000000000
0.000000000000000
0.000000000000000
0.000000000000000
0.000000000000000
0.000000000000000
0.000000000000000
0.000000000000000
0.000000000000000
0.000000000000000
0.000000000000000
0.000000000000000
0.000000000000000
0.000000000000000
0.000000000000000
0.000000000000000
0.000000000000000
0.000000000000000
0.000000000000000
0.000000000000000
