13.372
13.939
14.23
14.448
14.663
14.882
15.064
15.157
15.161
15.096
14.975
14.818
14.637
14.407
14.108
13.754
13.357
12.932
12.465
11.937
11.365
10.769
10.159
9.5847
9.1319
8.8579
8.9129
9.2896
9.7728
9.9373
9.3513
8.1369
8.1282
10.14
12.062
13.823
15.667
17.78
20.378
23.015
24.759
26.807
3.2818e-05
-0.0020023
-0.0023538
5.447e-05
0.0059406
0.015806
0.029615
0.046545
0.065369
0.085668
0.10874
0.13614
0.16778
0.20171
0.23611
0.27091
0.30613
0.33827
0.36153
0.37279
0.37399
0.37031
0.36672
0.36671
0.37066
0.37356
0.36581
0.33781
0.2831
0.20219
0.10926
0.031716
-0.0085416
-0.014685
-0.0066573
0.0016126
0.0062907
0.0067326
0.0033181
-0.0014462
-0.0046777
-0.0042006
-0.003461
299.87
299.25
298.65
297.98
297.22
296.38
295.49
294.53
293.46
292.28
290.97
289.5
287.85
285.97
283.82
281.37
278.57
275.56
272.55
269.31
265.73
261.71
257.18
252.07
246.32
239.88
232.8
225.22
217.42
209.79
203.01
198.35
197.16
199.16
202.93
207.12
210.82
213.81
216.47
219.4
222.75
226.57
1.003e+05
99429
98430
97285
95979
94494
92815
90925
88809
86455
83854
81001
77897
74551
70979
67205
63260
59182
55017
50814
46624
42499
38484
34621
30947
27488
24264
21288
18563
16089
13858
11860
10081
8504.5
7114.7
5894.4
4826.3
3894.4
3083.9
2380.5
1770.8
1243.8
0.018998
0.01844
0.018126
0.01783
0.017483
0.017031
0.016454
0.015769
0.015006
0.014172
0.013288
0.012364
0.011401
0.010406
0.0093989
0.0084213
0.0075222
0.0066787
0.0058398
0.0048919
0.0039332
0.0030183
0.0021987
0.0015066
0.00096067
0.00055915
0.00029225
0.00013805
5.9799e-05
2.4502e-05
1.0467e-05
5.7323e-06
4.5785e-06
3.8838e-06
2.7053e-06
2.1467e-06
3.0094e-06
4.7011e-06
5.5951e-06
4.7068e-06
3.485e-06
3.1005e-06
5.927e-08
1.3507e-07
6.9736e-07
2.8775e-06
8.7745e-06
2.1993e-05
4.5732e-05
7.5021e-05
9.6677e-05
0.00010725
0.00011135
0.00011165
0.00011333
0.00011587
0.00011773
0.00012105
0.00013342
0.00016173
0.00014641
0.00012129
0.00010068
7.9142e-05
5.9e-05
4.0436e-05
2.6757e-05
1.1424e-05
4.8237e-07
1.9002e-16
2.9691e-18
0
0
0
0
0
0
0
0
0
0
0
0
0
0.00034847
0.00035123
0.00035563
0.0003617
0.00036965
0.00037971
0.00039205
0.00040678
0.00042365
0.00044172
0.00045922
0.00047362
0.00048231
0.00048284
0.00047343
0.00045074
0.000405
0.00031415
0.00016807
7.8031e-05
2.5592e-05
1.2359e-05
7.0494e-06
4.0541e-06
8.3512e-07
6.6313e-08
3.4627e-09
2.6493e-11
0
0
0
0
0
0
0
0
0
0
0
0
0
0
0
0
0
0
0
0
0
0
0
0
0
0
0
0
0
0
0
1.7583e-12
3.9118e-09
8.6268e-08
2.3435e-07
3.1203e-07
3.4466e-07
4.5945e-07
1.6451e-06
5.3122e-06
7.5354e-06
6.1508e-06
5.5256e-06
4.8331e-06
3.6431e-06
1.9934e-06
5.7566e-07
5.4369e-08
2.5239e-09
3.5353e-11
2.5526e-15
0
0
0
0
0
0
0
0
0
0
0
0
0
0
0
0
0
0
9.4169e-12
2.8399e-09
1.805e-07
3.8137e-06
3.3534e-05
0.00030065
0.00048628
0.00061105
0.00071176
0.00079667
0.00087366
0.00094177
0.00099835
0.0010388
0.0010617
0.0010493
0.00094674
0.00069654
0.00032905
6.5381e-05
4.2357e-06
7.3367e-08
3.5944e-10
3.437e-11
3.9861e-12
1.2625e-13
3.1395e-16
0
0
4.3148e-08
4.755e-08
5.348e-08
6.0856e-08
7.1167e-08
8.5762e-08
1.063e-07
1.4015e-07
2.02e-07
3.2569e-07
5.8156e-07
1.1248e-06
2.3187e-06
5.0104e-06
1.1002e-05
2.3799e-05
4.9212e-05
9.6289e-05
0.00018052
0.00019772
0.00018974
0.00016708
0.00014521
0.00012589
0.00011081
9.6886e-05
8.4328e-05
7.4091e-05
6.3591e-05
5.017e-05
3.2974e-05
1.5556e-05
4.3125e-06
4.1822e-07
6.4475e-09
2.5905e-11
9.7258e-13
5.5965e-14
0
0
0
0
