3.5606
3.5606
3.5606
3.5606
3.5606
3.5606
3.5606
3.5606
3.5606
3.5606
3.5606
3.5606
3.5606
3.5606
3.5606
3.5606
3.5606
3.5606
3.5606
3.5606
3.5606
3.5606
3.5606
3.5606
3.5606
3.5606
3.5606
3.5606
3.5606
3.5606
3.5606
3.5606
3.5606
3.5606
3.5606
3.5606
3.5606
3.5606
3.5606
3.5606
3.5606
3.5606
7.8936e-06
0.020914
0.041289
0.059308
0.074252
0.08588
0.094624
0.10193
0.10872
0.11412
0.11725
0.11836
0.11844
0.11833
0.11817
0.11743
0.11608
0.1145
0.11338
0.11361
0.11618
0.12259
0.13358
0.14803
0.16273
0.17397
0.17886
0.17636
0.16666
0.15077
0.13224
0.11418
0.098578
0.089446
0.089465
0.096565
0.1088
0.12251
0.14069
0.17223
0.19045
0.15791
0.055443
0.73581
0.73062
0.70606
0.67538
0.65944
0.70692
0.82565
0.91221
0.93052
0.93126
0.9211
0.90451
0.89355
0.8893
0.88665
0.88529
0.88824
0.88229
0.86507
0.8246
0.76055
0.69911
0.66273
0.66883
0.71112
0.72439
0.67336
0.58037
0.53696
0.68334
1.0695
1.4619
1.5918
1.5878
1.5862
1.551
1.5315
1.6273
1.7496
1.8369
2.2889
1.4552
650.62
650.62
650.62
650.62
650.62
650.62
650.62
650.62
650.62
650.62
650.62
650.62
650.62
650.62
650.62
650.62
650.62
650.62
650.62
650.62
650.62
650.62
650.62
650.62
650.62
650.62
650.62
650.62
650.62
650.62
650.62
650.62
650.62
650.62
650.62
650.62
650.62
650.62
650.62
650.62
650.62
650.62
0.0010633
0.0010855
0.0011006
0.0011358
0.0012352
0.0014391
0.0016534
0.0017327
0.001762
0.0017776
0.0017607
0.0017345
0.0017021
0.0016317
0.0015142
0.0013693
0.0012026
0.0010352
0.0009154
0.0008555
0.00079932
0.00071447
0.00059123
0.00043545
0.00027578
0.0001494
7.1531e-05
3.2039e-05
1.3634e-05
5.5028e-06
2.2805e-06
1.1601e-06
9.3558e-07
1.1051e-06
1.0188e-06
7.5603e-07
8.1873e-07
1.019e-06
1.0915e-06
1.5449e-06
1.8653e-06
1.6058e-06
7.7336e-07
7.7336e-07
7.7336e-07
7.7336e-07
7.7336e-07
7.7336e-07
7.7336e-07
7.7336e-07
7.7336e-07
7.7336e-07
7.7336e-07
7.7336e-07
7.7336e-07
7.7336e-07
7.7336e-07
7.7336e-07
7.7336e-07
7.7336e-07
7.7336e-07
7.7336e-07
7.7336e-07
7.7336e-07
7.7336e-07
7.7336e-07
7.7336e-07
7.7336e-07
7.7336e-07
7.7336e-07
7.7336e-07
7.7336e-07
7.7336e-07
7.7336e-07
7.7336e-07
7.7336e-07
7.7336e-07
7.7336e-07
7.7336e-07
7.7336e-07
7.7336e-07
7.7336e-07
7.7336e-07
7.7336e-07
1.1958e-07
1.1958e-07
1.1958e-07
1.1958e-07
1.1958e-07
1.1958e-07
1.1958e-07
1.1958e-07
1.1958e-07
1.1958e-07
1.1958e-07
1.1958e-07
1.1958e-07
1.1958e-07
1.1958e-07
1.1958e-07
1.1958e-07
1.1958e-07
1.1958e-07
1.1958e-07
1.1958e-07
1.1958e-07
1.1958e-07
1.1958e-07
1.1958e-07
1.1958e-07
1.1958e-07
1.1958e-07
1.1958e-07
1.1958e-07
1.1958e-07
1.1958e-07
1.1958e-07
1.1958e-07
1.1958e-07
1.1958e-07
1.1958e-07
1.1958e-07
1.1958e-07
1.1958e-07
1.1958e-07
1.1958e-07
2.0416e-07
2.0416e-07
2.0416e-07
2.0416e-07
2.0416e-07
2.0416e-07
2.0416e-07
2.0416e-07
2.0416e-07
2.0416e-07
2.0416e-07
2.0416e-07
2.0416e-07
2.0416e-07
2.0416e-07
2.0416e-07
2.0416e-07
2.0416e-07
2.0416e-07
2.0416e-07
2.0416e-07
2.0416e-07
2.0416e-07
2.0416e-07
2.0416e-07
2.0416e-07
2.0416e-07
2.0416e-07
2.0416e-07
2.0416e-07
2.0416e-07
2.0416e-07
2.0416e-07
2.0416e-07
2.0416e-07
2.0416e-07
2.0416e-07
2.0416e-07
2.0416e-07
2.0416e-07
2.0416e-07
2.0416e-07
2.2433e-06
2.2433e-06
2.2433e-06
2.2433e-06
2.2433e-06
2.2433e-06
2.2433e-06
2.2433e-06
2.2433e-06
2.2433e-06
2.2433e-06
2.2433e-06
2.2433e-06
2.2433e-06
2.2433e-06
2.2433e-06
2.2433e-06
2.2433e-06
2.2433e-06
2.2433e-06
2.2433e-06
2.2433e-06
2.2433e-06
2.2433e-06
2.2433e-06
2.2433e-06
2.2433e-06
2.2433e-06
2.2433e-06
2.2433e-06
2.2433e-06
2.2433e-06
2.2433e-06
2.2433e-06
2.2433e-06
2.2433e-06
2.2433e-06
2.2433e-06
2.2433e-06
2.2433e-06
2.2433e-06
2.2433e-06
6.568e-08
6.568e-08
6.568e-08
6.568e-08
6.568e-08
6.568e-08
6.568e-08
6.568e-08
6.568e-08
6.568e-08
6.568e-08
6.568e-08
6.568e-08
6.568e-08
6.568e-08
6.568e-08
6.568e-08
6.568e-08
6.568e-08
6.568e-08
6.568e-08
6.568e-08
6.568e-08
6.568e-08
6.568e-08
6.568e-08
6.568e-08
6.568e-08
6.568e-08
6.568e-08
6.568e-08
6.568e-08
6.568e-08
6.568e-08
6.568e-08
6.568e-08
6.568e-08
6.568e-08
6.568e-08
6.568e-08
6.568e-08
6.568e-08
