3.9695
3.9695
3.9695
3.9695
3.9695
3.9695
3.9695
3.9695
3.9695
3.9695
3.9695
3.9695
3.9695
3.9695
3.9695
3.9695
3.9695
3.9695
3.9695
3.9695
3.9695
3.9695
3.9695
3.9695
3.9695
3.9695
3.9695
3.9695
3.9695
3.9695
3.9695
3.9695
3.9695
3.9695
3.9695
3.9695
3.9695
3.9695
3.9695
3.9695
3.9695
3.9695
3.771e-05
0.063988
0.1291
0.1906
0.24605
0.29437
0.33561
0.37069
0.39933
0.41756
0.41847
0.39791
0.36054
0.31826
0.28309
0.25913
0.24213
0.22724
0.21298
0.2011
0.19389
0.19497
0.20431
0.21873
0.23298
0.24227
0.24399
0.23759
0.22117
0.19327
0.16167
0.13513
0.11575
0.1055
0.10637
0.11555
0.12842
0.14355
0.16771
0.20721
0.2207
0.17982
0.057926
1.1005
1.0502
0.96533
0.8832
0.80463
0.73182
0.69493
0.71026
0.75333
0.823
0.90065
0.95682
0.99619
1.015
1.0085
0.98436
0.94955
0.91225
0.85064
0.79251
0.7445
0.71057
0.69213
0.69165
0.72878
0.74008
0.69204
0.61801
0.59561
0.72897
1.1287
1.528
1.683
1.6633
1.5865
1.6306
1.5454
1.5548
1.6982
1.8431
2.3205
1.4638
678.76
678.76
678.76
678.76
678.76
678.76
678.76
678.76
678.76
678.76
678.76
678.76
678.76
678.76
678.76
678.76
678.76
678.76
678.76
678.76
678.76
678.76
678.76
678.76
678.76
678.76
678.76
678.76
678.76
678.76
678.76
678.76
678.76
678.76
678.76
678.76
678.76
678.76
678.76
678.76
678.76
678.76
0.0011625
0.001222
0.001244
0.0012762
0.001332
0.0014162
0.0014936
0.00155
0.0016495
0.0018321
0.0019471
0.0019713
0.0019466
0.0018669
0.0017141
0.0015157
0.0012996
0.0011277
0.0010122
0.00092999
0.00086417
0.00077163
0.0006424
0.00047984
0.00031264
0.00017429
8.6257e-05
3.9149e-05
1.5773e-05
5.6955e-06
2.2708e-06
1.2241e-06
9.4767e-07
1.1009e-06
1.0304e-06
7.9619e-07
8.5636e-07
1.039e-06
1.094e-06
1.5004e-06
1.7093e-06
1.1999e-06
8.9504e-05
8.9504e-05
8.9504e-05
8.9504e-05
8.9504e-05
8.9504e-05
8.9504e-05
8.9504e-05
8.9504e-05
8.9504e-05
8.9504e-05
8.9504e-05
8.9504e-05
8.9504e-05
8.9504e-05
8.9504e-05
8.9504e-05
8.9504e-05
8.9504e-05
8.9504e-05
8.9504e-05
8.9504e-05
8.9504e-05
8.9504e-05
8.9504e-05
8.9504e-05
8.9504e-05
8.9504e-05
8.9504e-05
8.9504e-05
8.9504e-05
8.9504e-05
8.9504e-05
8.9504e-05
8.9504e-05
8.9504e-05
8.9504e-05
8.9504e-05
8.9504e-05
8.9504e-05
8.9504e-05
8.9504e-05
5.104e-05
5.104e-05
5.104e-05
5.104e-05
5.104e-05
5.104e-05
5.104e-05
5.104e-05
5.104e-05
5.104e-05
5.104e-05
5.104e-05
5.104e-05
5.104e-05
5.104e-05
5.104e-05
5.104e-05
5.104e-05
5.104e-05
5.104e-05
5.104e-05
5.104e-05
5.104e-05
5.104e-05
5.104e-05
5.104e-05
5.104e-05
5.104e-05
5.104e-05
5.104e-05
5.104e-05
5.104e-05
5.104e-05
5.104e-05
5.104e-05
5.104e-05
5.104e-05
5.104e-05
5.104e-05
5.104e-05
5.104e-05
5.104e-05
5.8728e-07
5.8728e-07
5.8728e-07
5.8728e-07
5.8728e-07
5.8728e-07
5.8728e-07
5.8728e-07
5.8728e-07
5.8728e-07
5.8728e-07
5.8728e-07
5.8728e-07
5.8728e-07
5.8728e-07
5.8728e-07
5.8728e-07
5.8728e-07
5.8728e-07
5.8728e-07
5.8728e-07
5.8728e-07
5.8728e-07
5.8728e-07
5.8728e-07
5.8728e-07
5.8728e-07
5.8728e-07
5.8728e-07
5.8728e-07
5.8728e-07
5.8728e-07
5.8728e-07
5.8728e-07
5.8728e-07
5.8728e-07
5.8728e-07
5.8728e-07
5.8728e-07
5.8728e-07
5.8728e-07
5.8728e-07
4.3449e-05
4.3449e-05
4.3449e-05
4.3449e-05
4.3449e-05
4.3449e-05
4.3449e-05
4.3449e-05
4.3449e-05
4.3449e-05
4.3449e-05
4.3449e-05
4.3449e-05
4.3449e-05
4.3449e-05
4.3449e-05
4.3449e-05
4.3449e-05
4.3449e-05
4.3449e-05
4.3449e-05
4.3449e-05
4.3449e-05
4.3449e-05
4.3449e-05
4.3449e-05
4.3449e-05
4.3449e-05
4.3449e-05
4.3449e-05
4.3449e-05
4.3449e-05
4.3449e-05
4.3449e-05
4.3449e-05
4.3449e-05
4.3449e-05
4.3449e-05
4.3449e-05
4.3449e-05
4.3449e-05
4.3449e-05
8.1179e-07
8.1179e-07
8.1179e-07
8.1179e-07
8.1179e-07
8.1179e-07
8.1179e-07
8.1179e-07
8.1179e-07
8.1179e-07
8.1179e-07
8.1179e-07
8.1179e-07
8.1179e-07
8.1179e-07
8.1179e-07
8.1179e-07
8.1179e-07
8.1179e-07
8.1179e-07
8.1179e-07
8.1179e-07
8.1179e-07
8.1179e-07
8.1179e-07
8.1179e-07
8.1179e-07
8.1179e-07
8.1179e-07
8.1179e-07
8.1179e-07
8.1179e-07
8.1179e-07
8.1179e-07
8.1179e-07
8.1179e-07
8.1179e-07
8.1179e-07
8.1179e-07
8.1179e-07
8.1179e-07
8.1179e-07
