-0.012819107192073
-0.013180412282726
-0.012596362388310
-0.011425665262396
-0.010385902684876
-0.011590817841659
-0.014451724548262
-0.013546255909591
-0.009239686321797
-0.004750055270547
-0.002585513281569
-0.001808266085666
0.000081948744410
0.003177772993730
0.004834470638924
0.003262671843118
-0.001489628202481
-0.006211210961872
-0.003718540087546
0.002796853030752
0.003191197178414
0.001425259088750
0.001657181409547
0.003259581246940
0.006952297142572
0.009417200937228
0.002749950950046
-0.012818786385402
-0.011391340304527
0.007066854587054
0.011352146275398
-0.009778586574557
-0.012049620830477
-0.000998728402452
-0.002071396662382
0.000740573424683
0.002544903872703
-0.004260674154125
-0.012984664727818
-0.005816051009346
0.009433383274218
0.007860244497427
0.000710194684209
-0.002770470811153
-0.002248310400226
-0.001327985119688
-0.000094470780247
0.001250262809407
0.002144941346382
0.001884364690941
0.000515179136897
-0.000669313138108
-0.000825576546273
-0.000257633694934
0.000179131638700
-0.000009561158610
-0.000659040522256
-0.001077859415260
-0.000645094907392
0.000319525348792
0.000836592196288
0.000156772379054
-0.001797192991176
-0.004014513038474
-0.004647824185404
-0.003110080736102
-0.000830131660555
0.000742464879549
0.000322216208286
-0.001125731567235
-0.000311300400317
0.003029794373025
0.003415841344800
-0.000511322171605
-0.000215819421297
0.003883049391728
-0.003781597967443
-0.013077253018965
-0.002256182554532
0.009389343827476
-0.002185530141472
-0.015801941688862
-0.006440706602679
0.011212433758283
-0.011107879859785
0.000434456272994
0.002899711993009
0.005439175573408
0.009024200197659
0.013736372807035
0.012853634533167
0.006287998180730
0.003956778926561
0.009084390941689
0.019155815097217
0.029191814641793
0.037910338077019
0.044947125770930
0.050387983678391
0.054059024400226
0.054709336636815
0.049881714858454
0.038786843136078
0.019804344447699
-0.002247642399976
-0.019791237140302
-0.028841758410293
-0.045266331951601
-0.058670228577597
-0.042395790269991
-0.011473208466920
0.015099087370758
0.029907973919750
0.024697526308775
-0.000887008407972
-0.016873921190991
-0.003406081622824
0.014885906211903
0.001853225869498
-0.022059656636803
-0.012469543678298
0.002799983135859
-0.004206150594056
-0.001821804025427
0.001594888700921
-0.010768580518595
0.008654374513094
0.000218173347909
0.000206145513981
0.000190085251378
0.000167150863505
0.000133901693634
0.000085244881822
0.000014343261258
-0.000065205763804
-0.000123837478973
-0.000136671701502
-0.000091863100105
0.000015239970402
0.000176125725109
0.000346955687026
0.000494298565604
0.000623651920110
0.000744710917928
0.000832112912083
0.000855402274101
0.000824815670746
0.000757413288544
0.000658380648240
0.000539148413980
0.000428840183646
0.000342421300743
0.000280619221152
0.000232977164845
0.000191980921472
0.000156861833466
0.000129482432698
0.000110003086891
0.000095560586289
0.000082559649556
0.000068987119715
0.000054370773645
0.000039407669110
0.000025305447470
0.000013247575706
0.000003558137971
-0.000004047799556
-0.000009819499749
0.000003082748655
0.035472757724396
0.036656856738729
0.036580090859722
0.034738639299367
0.032301648420723
0.036779111926327
0.047001359471226
0.056854742578484
0.058142957477842
0.049321376469074
0.033604255484814
0.012488240472352
-0.010994066955860
-0.035406430040064
-0.061681413309355
-0.094931703547051
-0.134788127604259
-0.162557208824700
-0.149269152693874
-0.091116862494943
-0.010034730554004
0.072667181925797
0.137539803204507
0.183193075391454
0.209651173945806
0.208287415017008
0.160489376972875
0.065198503952361
-0.002131179816602
0.007500621530042
0.021572314483498
-0.002505258099565
0.000000000000000
-0.002994838090126
-0.024354907930052
0.000000000000000
0.000000000000000
-0.001441528141687
-0.019910946711007
-0.020374878196281
-0.005064538686435
0.042339226662832
0.000000000000000
0.000000000000000
0.000000000000000
0.000000000000000
0.000000000000000
0.000000000000000
0.000000000000000
0.000000000000000
0.000000000000000
0.000000000000000
0.000000000000000
0.000000000000000
0.000000000000000
0.000000000000000
0.000000000000000
0.000000000000000
0.000000000000000
0.000000000000000
0.000000000000000
0.000000000000000
0.000000000000000
0.000000000000000
0.000000000000000
0.000000000000000
0.000000000000000
0.000000000000000
0.000000000000000
0.000000000000000
0.000000000000000
0.000000000000000
0.000000000000000
0.000000000000000
0.000000000000000
0.000000000000000
0.000000000000000
0.000000000000000
0.000000000000000
0.000000000000000
0.000000000000000
0.000000000000000
0.000000000000000
0.000000000000000
0.000000000000000
0.000000000000000
0.000000000000000
0.000000000000000
0.000000000000000
0.000000000000000
0.000000000000000
0.000000000000000
0.000000000000000
0.000000000000000
0.000000000000000
0.000000000000000
0.000000000000000
0.000000000000000
0.000000000000000
0.000000000000000
0.000000000000000
0.000000000000000
0.000000000000000
0.000000000000000
0.000000000000000
0.000000000000000
0.000000000000000
0.000000000000000
0.000000000000000
0.000000000000000
0.000000000000000
0.000000000000000
0.000000000000000
0.000000000000000
0.000000000000000
0.000000000000000
0.000000000000000
0.000000000000000
0.000000000000000
0.000000000000000
0.000000000000000
0.000000000000000
0.000000000000000
0.000000000000000
0.000000000000000
0.000000000000000
0.000000000000000
0.000000000000000
0.000000000000000
0.000000000000000
0.000000000000000
0.000000000000000
0.000000000000000
0.000000000000000
0.000000000000000
0.000000000000000
0.000000000000000
0.000000000000000
0.000000000000000
0.000000000000000
0.000000000000000
0.000000000000000
0.000000000000000
0.000000000000000
0.000000000000000
0.000000000000000
0.000000000000000
0.000000000000000
0.000000000000000
0.000000000000000
0.000000000000000
0.000000000000000
0.000000000000000
0.000000000000000
0.000000000000000
0.000000000000000
0.000000000000000
0.000000000000000
0.000000000000000
0.000000000000000
0.000000000000000
0.000000000000000
0.000000000000000
0.000000000000000
0.000000000000000
0.000000000000000
0.000000000000000
0.000000000000000
0.000000000000000
0.000000000000000
0.000000000000000
0.000000000000000
0.000000000000000
0.000000000000000
0.000000000000000
0.000000000000000
0.000000000000000
0.000000000000000
0.000000000000000
0.000000000000000
0.000000000000000
0.000000000000000
-0.000000020762803
-0.000002324138711
-0.000087143799897
-0.002170616150207
-0.036287728350654
-0.055845077913925
-0.060159473975907
-0.046378277309764
-0.037280645894447
-0.029386215771547
-0.013402295900711
-0.012035339953038
-0.006178474758109
-0.003603004945516
0.007712742497484
-0.005164273443461
0.000341295570973
0.001315623090276
0.000521299407073
0.000051510823344
0.000003906293882
0.000000011480002
0.000000000068019
0.000000000000521
0.000000000000000
0.000000000000000
0.000000000000000
0.000000000000000
0.000000000000000
0.000000000000000
0.000000000000000
0.000000000000000
0.000000000000000
0.000000000000000
0.000000000000000
0.000000000000000
0.000000000000000
0.000000000000000
0.000000000000000
0.000000000000000
0.000000000000000
0.000000000000000
0.000000000000000
0.000000000000000
0.000000000000000
0.000000000000000
0.000000000000000
0.000000000000000
0.000000000000000
0.000000000000000
0.000000000000000
0.000000000000000
0.000000000000000
0.000000000000000
0.000000000000000
0.000000000000000
0.000000000000000
0.000000000000000
0.000000000000000
0.000000000000000
0.000000000000000
0.000000000000000
0.000000000000000
0.000000000000000
0.000000000000000
0.000000000000000
0.000000000000000
0.000000000000000
0.000000000000000
0.000000000000000
