-0.090484181235092
-0.094775344908334
-0.093494027204482
-0.089023371476500
-0.081916240156163
-0.072255658676070
-0.059415770372891
-0.042243798944889
-0.022919509607998
-0.004669927404837
0.010602963102691
0.021316457298895
0.026522204696037
0.025449758316017
0.017610946384900
0.005298726940770
-0.005555430411927
-0.012359717601635
-0.014023601472301
-0.010384799584868
-0.003592608317983
0.001715287159300
0.005458871027615
0.010570576737615
0.011050807550364
0.005697222125465
-0.000411993571262
-0.004053761535609
-0.000199427010859
0.010008767891831
0.014576968403074
0.015635109234410
-0.002666618828631
-0.019838883646905
-0.010361155081348
0.000117596555830
0.000494676779603
0.002384171123007
0.001397504632475
-0.003703459014389
-0.010686775841419
0.002019454074015
-0.007943618458281
-0.002353297551364
-0.001767689740300
-0.000609963542236
0.000937184552236
0.002788837452475
0.004574590010713
0.005537914075188
0.004887682179223
0.002486759458070
-0.001078666834158
-0.004812180707242
-0.007397795536772
-0.007378551235022
-0.003725994185630
0.002922294205240
0.008682093058796
0.007831126576335
-0.001125421911924
-0.011462379366268
-0.013934742215926
-0.006319473511416
0.005097052501432
0.009487298599960
0.002818144702223
-0.007388754025701
-0.012028816762968
-0.007513189826705
0.003095365864342
0.013646228682971
0.016380052851435
0.004284767419753
-0.012742150463168
-0.013038161458285
0.003605087323210
0.010433153703335
0.000160072957724
-0.006494190028089
-0.001438069103558
0.002448653967803
0.000328612990202
-0.002701392865714
-0.003204697320380
0.004490021127600
0.007320194006965
0.012387858770944
0.018521925546456
0.022899202658303
0.021605708922104
0.012125620560119
-0.000806475948805
-0.008665568721636
-0.007838125009917
-0.002815673641004
0.003568694349301
0.009691090272477
0.015803750437326
0.023348977416746
0.030833242617173
0.025488042128328
-0.003018842864431
-0.027177131564223
-0.023261723198603
-0.006698242239038
0.011567069319502
0.021792241341976
0.018942153942912
0.006529846246859
-0.006102047007097
-0.014608657960343
-0.016878039593786
-0.010336168244867
0.002560082803701
0.005569270566938
-0.003941181314029
-0.019216228603582
-0.016730681686299
-0.016688753751297
-0.011606161324893
0.000694879322254
0.003709995367623
-0.006319652831084
-0.008032826442310
0.008112512940723
0.014612734707576
0.000608428460777
0.000527830433617
0.000429824569765
0.000304746340661
0.000153323416461
-0.000018905312969
-0.000201245808630
-0.000376209266511
-0.000545842841081
-0.000768844765129
-0.001071407378026
-0.001474014211479
-0.001906988247355
-0.002308278792068
-0.002598404622572
-0.002738560037024
-0.002714934216026
-0.002563578001147
-0.002321637961428
-0.002016478223228
-0.001694726385795
-0.001385935126699
-0.001110812810603
-0.000885701415274
-0.000699616444513
-0.000543023419552
-0.000412996722492
-0.000310295320532
-0.000233634603849
-0.000180555879465
-0.000148617264482
-0.000126759008627
-0.000103683753387
-0.000079071564982
-0.000058180082225
-0.000042205971170
-0.000028477897240
-0.000017294281297
-0.000008868356941
-0.000000665440744
0.000007903342903
0.000001563609210
0.027648128284234
0.034436185668029
0.034640968928705
0.031898172637705
0.029280371411980
0.030766581597844
0.040836272654025
0.056943736581541
0.069384645671706
0.075758113510302
0.081741190843386
0.089930416958605
0.098492069176798
0.102829899225465
0.097242336568957
0.079193312940102
0.056905106964248
0.048933934174819
0.052512010555467
0.056843453109304
0.056948841772126
0.052980170269160
0.046089956376725
0.033778068836431
0.015066029663525
-0.007312738951339
-0.027821253736358
-0.038178508684317
-0.034817152450444
-0.020457952741717
-0.001842117494572
0.001949267084464
-0.004881970188104
0.003006718266728
0.020075131083117
0.000000000000000
0.000000000000000
0.000000000000000
-0.022912122122882
-0.002402824628748
0.010592601288547
0.000000000000000
-0.000046753970274
0.000018066337911
-0.000008094009483
-0.000585632372075
-0.003432841361581
-0.010016053644607
-0.014472165428317
0.001490191495007
0.001044973495893
0.000456522234343
0.000306584392082
0.000320352303694
0.000354519092430
0.000537068525010
0.000613892423594
0.000604561793945
-0.005664550093435
-0.027476326913833
-0.033149005797168
-0.037140664242381
-0.035722380571938
-0.041784747614598
-0.003902937573802
-0.000089155595559
-0.000055966909737
0.000000000000000
0.000000000000000
0.000000000000000
0.000000000000000
0.000000000000000
0.000000000000000
0.000000000000000
0.000000000000000
0.000000000000000
0.000000000000000
0.000000000000000
0.000000000000000
0.000000000000000
0.000000000000000
0.000000000000000
0.000000000000000
0.000000000000000
-0.002061858975274
-0.002245648954515
-0.002504010132005
-0.002862784320953
-0.003389050405653
-0.004157871512489
-0.005258671878143
-0.006811274353396
-0.008918946293328
-0.011568124773676
-0.014685834402111
-0.018075872902473
-0.021408215250457
-0.024146083060493
-0.025139100347829
-0.021517494718205
-0.009075615566426
0.006621947567160
-0.001821271929540
-0.000592635527303
-0.000369861686200
-0.000294204652952
-0.000145794475868
-0.000023895092023
0.000000057721260
0.000000005589625
0.000000000000000
0.000000000000000
0.000000000000000
0.000000000000000
0.000000000000000
0.000000000000000
0.000000000000000
0.000000000000000
0.000000000000000
0.000000000000000
0.000000000000000
0.000000000000000
0.000000000000000
0.000000000000000
0.000000000000000
0.000000000000000
0.000000000000000
0.000000000000000
0.000000000000000
0.000000000000000
0.000000000000000
0.000000000000000
0.000000000000000
0.000000000000000
0.000000000000000
0.000000000000000
0.000000000000000
0.000000000000000
0.000000000000000
0.000000000000000
0.000000000000000
0.000000000000000
0.000000000000000
0.000000000000000
0.000000000000000
0.000000000000000
0.000000000000000
0.000000000000000
0.000000000000000
0.000000000000000
0.000000000000000
0.000000000000000
0.000000000000000
0.000000000000000
0.000000000000000
0.000000000000000
0.000000000000000
0.000000000000000
0.000000000000000
0.000000000000000
0.000000000000000
0.000000000000000
0.000000000000000
0.000000000000000
0.000000000000000
0.000000000000000
0.000000000000000
0.000000000000000
0.000000000000000
0.000000000000000
0.000000000000000
0.000000000000000
0.000000000000000
0.000000000000000
0.000000000000000
0.000000000000000
0.000000000000000
0.000000000000000
0.000000000000000
0.000000000000000
0.000000000000000
-0.000000012972818
-0.000001288489599
-0.000078182739427
-0.000654569103403
-0.001427528869308
0.023901580625121
0.055705091422773
0.084673673455229
0.098334516011026
0.088030208533700
0.051407025260822
0.000582561582723
-0.042733162872266
-0.063956715342013
-0.063742502046445
-0.051302485901815
-0.035267070837023
-0.021992513272305
-0.009748618190326
-0.001846129276476
-0.000107177207572
-0.000000887050532
-0.000000003234511
-0.000000000119001
0.000000000003599
-0.000000000000017
0.000000000000000
0.000000000000000
0.000000000000000
0.000000000000000
0.000000000000000
0.000000000000000
0.000000000000000
0.000000000000000
0.000000000000000
0.000000000000000
0.000000000000000
0.000000000000000
0.000000000000000
0.000000000000000
-0.000000000063317
-0.000000514606285
-0.000008210294297
-0.000023249668431
-0.000261935164348
-0.001896335781806
-0.006990987001433
0.006861248265158
0.013199390092481
0.008824587931353
0.001997330997687
0.001718469267447
0.005321194758010
0.008579569343231
0.009193431295172
0.005365084638284
-0.002957272451809
-0.010999210854332
-0.012037819132800
-0.006301483579041
-0.001616519659172
-0.000229392470784
-0.000028097364123
-0.000000567498352
0.000000001922892
0.000000000000000
0.000000000000000
0.000000000000000
0.000000000000000
0.000000000000000
0.000000000000000
