0.021143250176373
0.021808598225282
0.022798079053482
0.025273551781590
0.028745842053646
0.031061811175993
0.029089101100962
0.024045606855900
0.018586928665264
0.012621607941027
0.006041430681033
0.000604110459651
-0.002450646344350
-0.003739282511460
-0.004694844472835
-0.006159658001607
-0.007445914654182
-0.005561994247189
0.002048829700175
0.011961815057600
0.018508552480281
0.020176984076640
0.018108904098914
0.013668186752537
0.005062124615184
-0.003405451091995
-0.012286454176994
-0.016368544889951
-0.009643765952986
-0.004698118633203
-0.015671798922693
-0.027352238454561
-0.026639163062763
-0.014607575357978
0.001571905372175
0.004538204358534
-0.008796596601107
-0.022967985990905
-0.025548226235511
-0.018781898565206
-0.025286473162103
-0.056694677244992
-0.000898272790116
0.009441830943603
0.009258689938718
0.008653391365438
0.007697455235342
0.006401597804481
0.004556240818135
0.001578038689520
-0.002961177820697
-0.008022515646469
-0.010716119951124
-0.008148831084952
0.000547760569270
0.014075938386927
0.029189963704711
0.040890809950625
0.044460639243398
0.038543660832418
0.025082988066472
0.007184690503379
-0.010542102480876
-0.021449415949057
-0.020423163260587
-0.009386320827372
0.002027853374745
0.004582518815586
-0.003073416465489
-0.013625386298632
-0.018976711788437
-0.016730263402676
-0.006555699210745
0.016352127487842
0.045695326597564
0.034431489819523
-0.014806360896296
-0.022325869709512
0.017092015741075
0.035359634168383
0.005136668604820
-0.023405488326874
-0.013291519582639
0.013992668519517
-0.030677094763437
-0.035816238276482
-0.035911248954701
-0.034050141073192
-0.025766470240558
-0.008320961129203
0.013110789141958
0.018451218327240
-0.000124514745610
-0.026244921990804
-0.045177889696830
-0.050313200784946
-0.043521415603113
-0.030415084806422
-0.016622392332869
-0.006350785809014
-0.002836224282074
-0.010104033174227
-0.031646690006007
-0.059098712176977
-0.071668661399823
-0.072139984022691
-0.052682782440309
-0.018678094377568
0.014958796137073
0.032397743829010
0.024951295439157
0.001609396408694
-0.022596740435812
-0.030805978903225
-0.001453147743592
0.044042748563358
0.054575443930130
0.010143727600876
-0.044800650222993
-0.034233769650980
0.012793636349951
0.024896946816094
0.008362029864434
0.008039176922541
0.012396706776301
-0.003316533011684
-0.022365990492441
-0.002274147741400
-0.002247033646745
-0.002212350730849
-0.002167655781135
-0.002110130722694
-0.002047062395538
-0.001990419166084
-0.001956296648607
-0.001935198666956
-0.001901670054973
-0.001836926771537
-0.001725754276859
-0.001569000421622
-0.001387887917753
-0.001200008698513
-0.001026576643334
-0.000893611136967
-0.000816289480305
-0.000795871206103
-0.000826327407884
-0.000884499215395
-0.000948859515704
-0.001003121152802
-0.001022938314498
-0.000999939514691
-0.000944054817037
-0.000869266802675
-0.000783872718376
-0.000693190044451
-0.000602139399178
-0.000514178637216
-0.000432632710249
-0.000360759469214
-0.000298583054107
-0.000244978307286
-0.000198804086684
-0.000158271263726
-0.000121738923130
-0.000089005302180
-0.000060710261361
-0.000036104030529
-0.000012268537299
-0.002171582917714
-0.005230196495219
-0.010570186027845
-0.020550047660798
-0.033844910941114
-0.041822148103072
-0.031138887653014
-0.006611096696566
0.007355602356779
0.001164370510619
-0.019919228433784
-0.046504702637360
-0.071247872944072
-0.088404003142994
-0.093452945027271
-0.083877887351173
-0.057462010221390
-0.016459490958212
0.021142980029451
0.047688135503390
0.065128418867859
0.078444097999158
0.088955329867840
0.095133355864018
0.091853244758160
0.077193748649604
0.055007552555411
0.036457360754815
0.030164516848003
0.034290041774892
0.035994376854727
0.016240220423787
-0.016899618089261
-0.018588359274720
-0.019946114539733
0.000000000000000
0.000000000000000
0.014843829268103
0.015807700943710
0.007727303630677
0.003873001063713
0.010749070052205
0.000041191141552
0.000051541645185
0.000056724616185
0.000404378901050
0.002706426131530
0.009006180460721
0.021069933174835
0.036624155484577
0.030686141244378
-0.009647696635031
-0.045689791480179
-0.054530323642065
-0.048718764753458
-0.034901802069003
-0.012439903690910
0.005835551900546
-0.001624226727651
-0.038402845624310
-0.013260222024083
0.017152176441334
0.027312800299385
0.025099673779966
0.018469569582166
0.009326195629454
-0.001348111007762
-0.000612754063309
-0.000775601186784
0.000000000000576
-0.000000000000026
0.000000000000000
0.000000000000000
0.000000000000000
0.000000000000000
0.000000000000000
0.000000000000000
0.000000000000000
0.000000000000000
0.000000000000000
0.000000000000000
0.000000000000000
0.000000000000000
0.000000000000000
-0.022526140627339
-0.022025965056326
-0.021427585429681
-0.020625949879465
-0.019514142230898
-0.017970224224708
-0.015865897456318
-0.013118192442762
-0.009691980156667
-0.005376218307862
0.000738866904835
0.009540828517144
0.020434778682940
0.031418649110226
0.039307518421292
0.041147769074139
0.037706475408637
0.035528206741863
0.033951165435884
0.011233601580284
-0.000168330230917
-0.000306409235590
-0.000049916956569
-0.000112544617907
-0.000013420242143
0.000001592121123
-0.000001803691989
-0.000000093689779
0.000000000000000
0.000000000000000
0.000000000000000
0.000000000000000
0.000000000000000
0.000000000000000
0.000000000000000
0.000000000000000
0.000000000000000
0.000000000000000
0.000000000000000
0.000000000000000
0.000000000000000
0.000000000000000
0.000000000000000
0.000000000000000
0.000000000000000
0.000000000000000
0.000000000000000
0.000000000000000
0.000000000000000
0.000000000000000
0.000000000000000
0.000000000000000
0.000000000000000
0.000000000000000
0.000000000000000
0.000000000000000
0.000000000000000
0.000000000000000
0.000000000000000
0.000000035143700
-0.000006077246804
-0.000190247494138
0.000037915544216
0.000465333022603
0.001819053925590
0.005159836822750
0.025768964549068
0.003221321411784
0.049682701107231
0.004442541976006
0.014625795732993
0.015482943549805
-0.000627028694517
-0.007346457715533
-0.001763391905173
0.000575540453132
-0.000000053797952
-0.000000934296027
-0.000000000065911
0.000000000000000
0.000000000000000
0.000000000000000
0.000000000000000
0.000000000000000
0.000000000000000
0.000000000000000
0.000000000000000
0.000000000000000
0.000000000000000
0.000000000000000
0.000000000000000
0.000000000000000
0.000000000000000
0.000000000000000
0.000000000000000
0.000000000000000
0.000000000000000
-0.000000003188303
-0.000000939006353
-0.000070069302701
-0.001242640512148
-0.008913975278201
-0.069290502240127
-0.086679734553997
-0.077763014203087
-0.039890435675353
0.019203510741869
0.073007899086804
0.088383332497555
0.050143032495044
-0.016952328510788
-0.069950465466576
-0.080158030802061
-0.054795779350949
-0.027864909384255
-0.014872316681283
-0.003440319394322
0.000096106105451
0.000021771587666
-0.000000031444361
-0.000000005463888
-0.000000000584379
-0.000000000032776
-0.000000000000206
0.000000000000000
0.000000000000000
-0.000197967171316
-0.000220143465355
-0.000255826711367
-0.000295063682789
-0.000336636068340
-0.000382626414443
-0.000433490090550
-0.000497609128840
-0.000599697847007
-0.000798603749999
-0.001166979411230
-0.001804212508922
-0.002828284235768
-0.004304096771893
-0.006119902304321
-0.008253575201507
-0.010518509587862
-0.011178936743321
-0.018049106833587
0.004823579514709
0.006092306050945
-0.002270516685635
-0.012944783940390
-0.026964722206003
-0.043295946681485
-0.055756660483749
-0.058795399443582
-0.051379163086674
-0.036839194263746
-0.022973814345453
-0.013269085100439
-0.006377359104620
-0.001161226297210
0.000431492726982
0.000030568791676
-0.000000011516527
-0.000000000315582
-0.000000000015024
0.000000000000000
0.000000000000000
0.000000000000000
0.000000000000000
