0.20397,0.3741,0.20005,0.32663,0.24971,0.18967,0.30487,-0.074892,0.23135,-0.19823,-0.19788,-0.21835,-0.20421
0.20736,0.38377,0.20347,0.33477,0.25668,0.19179,0.31136,-0.080244,0.23564,-0.21316,-0.21279,-0.23658,-0.22063
0.20569,0.37982,0.20322,0.33278,0.25777,0.19174,0.3099,-0.085335,0.23029,-0.21882,-0.21846,-0.24313,-0.22652
0.20051,0.36927,0.2,0.32553,0.25564,0.18865,0.30334,-0.091906,0.21906,-0.22388,-0.22353,-0.24865,-0.23154
0.19311,0.35518,0.19504,0.31556,0.25184,0.18366,0.2941,-0.10153,0.20332,-0.23073,-0.23038,-0.25567,-0.23818
0.18287,0.33796,0.18737,0.30272,0.24588,0.17542,0.28155,-0.11442,0.18319,-0.24122,-0.24088,-0.26645,-0.24863
0.16927,0.31759,0.1761,0.28649,0.2369,0.16279,0.26481,-0.12806,0.16028,-0.25353,-0.25321,-0.27931,-0.2612
0.15319,0.29479,0.16154,0.26707,0.22418,0.14581,0.24384,-0.14015,0.13497,-0.26365,-0.26335,-0.29087,-0.27218
0.13322,0.26735,0.14202,0.2421,0.20544,0.12368,0.21697,-0.1459,0.10987,-0.26766,-0.26739,-0.29693,-0.27748
0.11075,0.23664,0.12016,0.21403,0.18462,0.10221,0.18942,-0.14479,0.090999,-0.26788,-0.26763,-0.29875,-0.27862
0.088443,0.20542,0.099751,0.1867,0.16554,0.08634,0.1662,-0.13951,0.078142,-0.26454,-0.26431,-0.29665,-0.27592
0.070874,0.17782,0.084549,0.16361,0.1493,0.075914,0.14777,-0.13649,0.063251,-0.25812,-0.25792,-0.29139,-0.2702
0.062283,0.15814,0.076543,0.14708,0.13607,0.069015,0.13302,-0.14101,0.042159,-0.25393,-0.25376,-0.28735,-0.26649
0.059033,0.14354,0.072324,0.13438,0.1251,0.062947,0.11956,-0.15021,0.018562,-0.25564,-0.2555,-0.29061,-0.26941
0.054385,0.12868,0.067726,0.12226,0.11655,0.056168,0.10623,-0.15794,-0.0013376,-0.26135,-0.26124,-0.30149,-0.27765
0.045565,0.11097,0.061556,0.10938,0.11204,0.048682,0.092427,-0.15472,-0.01017,-0.26448,-0.26438,-0.31463,-0.28503
0.038832,0.095022,0.060388,0.10105,0.11852,0.047484,0.083905,-0.14058,-0.0052673,-0.26619,-0.2661,-0.32769,-0.29112
0.038646,0.086668,0.065981,0.10042,0.13414,0.054452,0.084221,-0.12604,0.0074936,-0.27265,-0.27254,-0.34317,-0.30048
0.041333,0.084766,0.070657,0.10176,0.14298,0.060767,0.086934,-0.12383,0.010845,-0.28389,-0.28379,-0.35664,-0.31217
0.039791,0.080714,0.068188,0.097462,0.13806,0.059525,0.083822,-0.12141,0.00771,-0.28383,-0.28376,-0.3581,-0.31304
0.036947,0.07596,0.062909,0.090683,0.12586,0.055702,0.078659,-0.11377,0.006181,-0.26953,-0.26948,-0.34088,-0.29855
0.033131,0.069672,0.054832,0.080779,0.10718,0.04946,0.071001,-0.10741,0.00017772,-0.24855,-0.24851,-0.31144,-0.27543
0.026356,0.058509,0.042078,0.064964,0.081873,0.038385,0.057518,-0.098056,-0.0092972,-0.21701,-0.217,-0.26851,-0.24015
0.019394,0.045425,0.029386,0.048148,0.05855,0.027342,0.043116,-0.08333,-0.013683,-0.17755,-0.17755,-0.21382,-0.19461
0.018054,0.039279,0.021251,0.037396,0.039767,0.021825,0.035926,-0.067217,-0.0093288,-0.13145,-0.13146,-0.15138,-0.1406
0.016938,0.03178,0.010798,0.023922,0.015016,0.015436,0.027853,-0.062023,-0.014989,-0.088585,-0.088599,-0.092918,-0.089176
0.003127,0.0074723,-0.010475,-0.0038256,-0.019866,-0.00063348,0.0063923,-0.068986,-0.04075,-0.058672,-0.058684,-0.052459,-0.052828
-0.0082985,-0.0083191,-0.026038,-0.021828,-0.042421,-0.012682,-0.0075384,-0.095609,-0.073021,-0.065068,-0.065094,-0.055743,-0.056693
-0.013663,-0.0087765,-0.028152,-0.020702,-0.037453,-0.014917,-0.0070971,-0.13224,-0.094702,-0.12612,-0.12617,-0.12983,-0.12394
-0.019351,-0.0070877,-0.022263,-0.011258,-0.013167,-0.012562,-0.0027413,-0.12233,-0.074975,-0.16184,-0.16188,-0.19686,-0.17399
-0.015535,0.0044846,-0.0048486,0.0091549,0.021691,-0.0033331,0.0078258,-0.033034,0.0051531,-0.098345,-0.098309,-0.1638,-0.12339
-0.013831,-0.00064646,0.0027971,0.009846,0.030992,-0.0048461,-0.00038152,0.060376,0.061135,0.010701,0.010778,-0.049427,-0.011158
-0.010409,-0.017185,-0.0013814,-0.0091325,0.0050811,-0.0064111,-0.015054,0.11705,0.075413,0.11446,0.11451,0.099936,0.10982
-0.014949,-0.03397,-0.014284,-0.030363,-0.026457,-0.013832,-0.02964,0.08511,0.029959,0.11618,0.11618,0.13821,0.12395
-0.016119,-0.035674,-0.017849,-0.033203,-0.028607,-0.018705,-0.033322,0.028314,-0.016876,0.059482,0.059442,0.090032,0.069323
-0.011076,-0.028669,-0.014065,-0.026984,-0.021176,-0.01719,-0.028894,0.013847,-0.024152,0.039347,0.039306,0.062529,0.046822
-0.0068434,-0.020193,-0.010604,-0.020297,-0.017762,-0.01379,-0.022283,0.032236,-0.0033682,0.060349,0.060329,0.075158,0.065919
0.0016292,-0.0038649,0.00092213,-0.0035664,-0.0014653,-0.0013971,-0.0055601,0.060521,0.037001,0.079552,0.079567,0.08545,0.082332
0.0099728,0.010279,0.015176,0.014337,0.023372,0.012935,0.011322,0.085504,0.076088,0.082089,0.082148,0.075657,0.080037
0.0095444,0.01496,0.020324,0.022576,0.039464,0.015753,0.016473,0.094465,0.093503,0.074391,0.074488,0.053001,0.067135
-0.0070264,-0.0077147,0.002936,-0.0001014,0.015464,-0.0016965,-0.0061032,0.096464,0.073684,0.091206,0.091278,0.068511,0.084296
-0.036683,-0.06626,-0.027962,-0.053373,-0.041428,-0.0262,-0.051191,0.11178,0.033972,0.15453,0.15457,0.15654,0.15697
-0.0028679,-0.0033032,-0.0049321,-0.0052881,-0.0084003,-0.0059973,-0.0063951,0.0021735,-0.006165,0.0062057,0.0062287,0.0038304,0.0053581
-0.037445,-0.047485,-0.038206,-0.046698,-0.023561,-0.013472,-0.031781,0.12986,0.094391,0.0033943,0.0033897,-0.012011,-0.00895
-0.022484,-0.032655,-0.022778,-0.031448,-0.0086883,0.0031163,-0.015692,0.13505,0.10781,0.003078,0.0030861,-0.012353,-0.0092381
-0.00060328,-0.011219,-0.00018928,-0.0092967,0.012998,0.027374,0.007732,0.14164,0.12635,0.0026896,0.0027161,-0.012576,-0.0094264
0.030906,0.019913,0.032083,0.022549,0.043757,0.061561,0.040992,0.14973,0.15142,0.0022051,0.0022579,-0.012639,-0.0094853
0.075679,0.064384,0.077721,0.067776,0.086971,0.10915,0.087605,0.15892,0.18443,0.0014995,0.0015885,-0.012499,-0.0093853
0.13796,0.12639,0.14099,0.13064,0.14648,0.17388,0.15145,0.16667,0.22507,-7.9411e-05,5.7569e-05,-0.012252,-0.0093773
0.22,0.20796,0.22398,0.21315,0.2239,0.25594,0.23306,0.16617,0.26687,-0.0039292,-0.0037333,-0.012544,-0.010291
0.31768,0.30446,0.3213,0.3097,0.31283,0.34507,0.32277,0.14735,0.29352,-0.011056,-0.010803,-0.014181,-0.012908
0.4162,0.40063,0.41471,0.40199,0.39318,0.41649,0.39655,0.1055,0.28543,-0.019547,-0.01926,-0.016406,-0.01613
0.49244,0.47398,0.47801,0.46442,0.43852,0.44321,0.42784,0.049138,0.23806,-0.026249,-0.025972,-0.017711,-0.01818
0.51937,0.49898,0.48693,0.47355,0.42998,0.41299,0.40339,-0.0037954,0.16757,-0.030221,-0.029994,-0.01813,-0.019057
0.47171,0.45195,0.42578,0.4141,0.36136,0.32975,0.3251,-0.037233,0.094931,-0.031699,-0.031549,-0.01817,-0.019452
0.3439,0.32796,0.29765,0.28899,0.24223,0.20935,0.20725,-0.042365,0.035695,-0.02989,-0.029823,-0.017425,-0.019037
0.17103,0.16102,0.13576,0.13071,0.10209,0.079247,0.077186,-0.019615,-0.0005009,-0.023341,-0.023348,-0.015001,-0.016692
0.01893,0.014587,-0.0040022,-0.0059345,-0.015458,-0.024989,-0.028281,0.019136,-0.010883,-0.012867,-0.012933,-0.011378,-0.012658
-0.068276,-0.069134,-0.083747,-0.083905,-0.082019,-0.08211,-0.086597,0.058681,-0.0014683,-0.00017529,-0.00027823,-0.0075335,-0.0076036
-0.089506,-0.089469,-0.1018,-0.10175,-0.097341,-0.094799,-0.099696,0.088649,0.015986,0.016361,0.016242,-0.0020665,0.00081448
-0.069019,-0.069961,-0.07997,-0.080795,-0.079589,-0.079213,-0.083469,0.099824,0.028058,0.036754,0.036643,0.0064683,0.014735
-0.042752,-0.044805,-0.051801,-0.053366,-0.055731,-0.056449,-0.059347,0.089056,0.028473,0.053554,0.053476,0.016029,0.03045
-0.02818,-0.030254,-0.033714,-0.035219,-0.038569,-0.035684,-0.037444,0.0685,0.025237,0.060993,0.06096,0.025061,0.04307
-0.010969,-0.012956,-0.014333,-0.015702,-0.020762,-0.013783,-0.014695,0.041522,0.017348,0.057215,0.057219,0.032809,0.048702
-0.00037924,-0.0022758,-0.0043479,-0.005485,-0.013139,-0.0052469,-0.0052226,0.0099223,-0.0022903,0.038603,0.038621,0.031928,0.039545
-0.0038275,-0.004969,-0.0074301,-0.0080107,-0.015194,-0.0065919,-0.0062832,-0.015204,-0.020009,0.0064497,0.0064682,0.01539,0.012812
-0.0023175,-0.003498,-0.0058463,-0.0063952,-0.013053,-0.0053116,-0.0048875,-0.040267,-0.037571,-0.028768,-0.028763,-0.013181,-0.021665
-0.0029425,-0.0042212,-0.0065226,-0.0070671,-0.01319,-0.0053546,-0.004968,-0.055654,-0.048288,-0.057118,-0.057134,-0.046856,-0.053839
-0.0045889,-0.0061473,-0.0087206,-0.0093671,-0.015785,-0.0067728,-0.0065618,-0.058811,-0.05147,-0.070117,-0.070155,-0.07215,-0.072621
-0.0078881,-0.010082,-0.013454,-0.014478,-0.022256,-0.011707,-0.011864,-0.047181,-0.047319,-0.057341,-0.057387,-0.068434,-0.063405
-0.010596,-0.013549,-0.017524,-0.019102,-0.028377,-0.016643,-0.017291,-0.023407,-0.034931,-0.018594,-0.018634,-0.026256,-0.022489
-0.009257,-0.012258,-0.015839,-0.017559,-0.026252,-0.015665,-0.016553,0.0011056,-0.016538,0.02358,0.023563,0.030145,0.026104
-0.0033259,-0.0047359,-0.0066491,-0.0074188,-0.01102,-0.007059,-0.0074541,0.011277,0.0003842,0.03379,0.033806,0.052448,0.04076
0.0038037,0.0051119,0.0048304,0.0058418,0.0096782,0.0037434,0.0044701,0.0039803,0.0085979,0.0047396,0.0047793,0.023186,0.010288
0.0066831,0.0090598,0.0091555,0.010862,0.017423,0.0080207,0.0091806,-0.0040665,0.0081494,-0.019415,-0.019376,-0.008835,-0.01751
0.0040971,0.0048401,0.0045311,0.0050811,0.0076634,0.0037569,0.0041938,-0.0044408,0.0013565,-0.012888,-0.01288,-0.010035,-0.012979
0.0025058,0.0022856,0.00079138,0.00070646,-0.0020072,0.00025552,0.00047006,-0.0043729,-0.0050856,-0.0013017,-0.0013285,-0.0030463,-0.0021449
0.0036398,0.0044787,0.0018302,0.0025258,-0.0028998,0.0020474,0.0030298,-0.0065417,-0.0058754,-0.0014755,-0.0015013,-0.0035167,-0.0023131
0.0022557,0.0030817,0.0016636,0.0022398,-0.0027763,0.0034598,0.0041693,-0.0083404,-0.0058589,-0.0049119,-0.0049159,-0.0048186,-0.0051351
-0.001563,-0.0033001,-0.0010731,-0.0026302,-0.0055417,0.0017817,0.00023581,-0.0062208,-0.007923,-0.002645,-0.0026429,-0.00095077,-0.0025024
-0.0048992,-0.0094293,-0.004527,-0.0083044,-0.0096941,-0.0021688,-0.0059125,-0.00157,-0.009944,0.0030597,0.0030463,0.0055745,0.0034099
-0.0083555,-0.013086,-0.0092902,-0.013132,-0.014396,-0.0086174,-0.012326,0.0039014,-0.0086655,0.00755,0.0075239,0.0116,0.0084441
-0.012946,-0.016182,-0.015125,-0.017722,-0.019546,-0.015392,-0.017963,0.012045,-0.0027608,0.012412,0.01239,0.018355,0.013836
-0.013466,-0.014673,-0.014905,-0.01595,-0.016948,-0.014303,-0.015627,0.016715,0.005813,0.013735,0.013727,0.019585,0.015278
0.0040794,0.0046062,0.012332,0.012234,0.022175,0.013014,0.013113,-0.010803,0.0041516,-0.011207,-0.011156,-0.019312,-0.012627
-0.25811,-0.27044,-0.29656,-0.30419,-0.31566,-0.31924,-0.32634,0.15995,-0.09193,0.14982,0.14949,0.095694,0.1159
-0.25541,-0.27248,-0.2938,-0.30501,-0.31782,-0.31528,-0.32489,0.15758,-0.098594,0.16902,0.16868,0.11787,0.13702
-0.24585,-0.26499,-0.28345,-0.29635,-0.31131,-0.30326,-0.31355,0.15152,-0.10097,0.18736,0.18703,0.13997,0.15809
-0.23004,-0.24942,-0.26575,-0.27904,-0.2955,-0.28395,-0.29382,0.13752,-0.10326,0.19668,0.19636,0.15332,0.1707
-0.20494,-0.22335,-0.23607,-0.24894,-0.26402,-0.25206,-0.26081,0.10986,-0.10616,0.19062,0.19033,0.15223,0.16919
-0.15983,-0.17629,-0.18065,-0.19268,-0.19806,-0.19198,-0.20001,0.072503,-0.094393,0.15969,0.15947,0.12573,0.14384
-0.093943,-0.10809,-0.098533,-0.11005,-0.094953,-0.09941,-0.10926,0.062387,-0.034231,0.11593,0.11582,0.083078,0.1045
-0.029556,-0.041543,-0.023243,-0.034124,-0.0055299,-0.011887,-0.02423,0.077394,0.040154,0.085064,0.085044,0.053394,0.076263
0.0019431,-0.010708,0.0053194,-0.0063331,0.018171,0.012953,-0.0011411,0.087701,0.046991,0.086153,0.086108,0.045972,0.072687
-0.016262,-0.029855,-0.033069,-0.044894,-0.046643,-0.056524,-0.068037,0.094833,-0.024861,0.12073,0.12053,0.062237,0.094011
-0.037044,-0.050329,-0.074258,-0.085104,-0.11173,-0.12807,-0.13563,0.12568,-0.052541,0.14765,0.14738,0.073814,0.10807
-0.061752,-0.07302,-0.11152,-0.12053,-0.15898,-0.17133,-0.17709,0.17912,-0.021673,0.16784,0.16755,0.083364,0.11861
-0.088611,-0.095607,-0.13053,-0.13722,-0.1696,-0.16824,-0.17451,0.22967,0.036685,0.1818,0.18154,0.092216,0.12753
-0.092237,-0.094228,-0.11396,-0.11823,-0.13489,-0.12866,-0.13538,0.26487,0.099991,0.18813,0.18793,0.097158,0.13327
-0.056983,-0.054613,-0.063178,-0.064914,-0.066939,-0.06914,-0.074778,0.2761,0.15486,0.17959,0.17949,0.091553,0.12839
-0.00061058,0.0038462,0.0024418,0.0021883,0.011555,-0.0041576,-0.0084125,0.25936,0.18942,0.15291,0.1529,0.073965,0.10968
0.040542,0.046853,0.049552,0.051084,0.069658,0.042592,0.040419,0.24162,0.21264,0.13784,0.13794,0.068768,0.10434
0.060282,0.069554,0.071394,0.076037,0.098759,0.065315,0.0669,0.22672,0.22475,0.13835,0.13852,0.079052,0.11472
0.065219,0.079557,0.078417,0.088051,0.11416,0.075808,0.082839,0.16532,0.19766,0.098925,0.099122,0.060012,0.089814
0.056544,0.075485,0.070964,0.084851,0.11299,0.072502,0.083711,0.087861,0.14818,0.037049,0.037255,0.023302,0.041477
0.0375,0.057321,0.048907,0.063607,0.087828,0.049568,0.061664,0.043901,0.099415,0.013215,0.013387,0.018319,0.024374
0.020848,0.035993,0.027133,0.038421,0.057305,0.025632,0.034776,0.013881,0.049847,0.0082416,0.008362,0.036458,0.026245
0.014434,0.026843,0.020515,0.029574,0.051477,0.016364,0.023328,-0.010812,0.019059,-0.011655,-0.011576,0.039279,0.012272
0.025927,0.045639,0.041524,0.055668,0.094202,0.033177,0.044339,-0.030652,0.029464,-0.072089,-0.071957,-0.019234,-0.051216
0.048004,0.082606,0.076191,0.10119,0.15703,0.063897,0.084702,-0.04976,0.061601,-0.15418,-0.15397,-0.13103,-0.14676
0.064721,0.11137,0.098236,0.13237,0.19381,0.084724,0.11392,-0.067803,0.080152,-0.21713,-0.21689,-0.23227,-0.22391
0.066031,0.11665,0.093107,0.13077,0.18114,0.080828,0.11349,-0.056611,0.087819,-0.21071,-0.21049,-0.25378,-0.22753
0.049663,0.095482,0.056263,0.09104,0.10769,0.044715,0.075635,-0.0050612,0.08203,-0.10221,-0.10208,-0.14481,-0.11895
0.025494,0.060656,0.0076491,0.035481,0.0094327,-0.0027015,0.023552,0.034686,0.04964,0.036361,0.036374,0.026769,0.033305
0.011859,0.033017,-0.021875,-0.0027053,-0.059989,-0.024748,-0.0043521,-0.027467,-0.035384,0.040282,0.040177,0.06863,0.051961
0.013591,0.026241,-0.01912,-0.0051882,-0.065048,-0.013073,0.0034692,-0.12489,-0.10465,-0.0612,-0.061347,-0.014934,-0.043227
0.011329,0.02234,-0.020633,-0.0075036,-0.069221,-0.0095445,0.006521,-0.16052,-0.12838,-0.098246,-0.098403,-0.049991,-0.07934
-0.0031117,0.008969,-0.033128,-0.019911,-0.081399,-0.022742,-0.0068767,-0.14575,-0.12573,-0.075861,-0.076002,-0.038933,-0.060479
-0.012566,0.0036181,-0.030046,-0.015509,-0.056594,-0.024003,-0.0084016,-0.12044,-0.097942,-0.086673,-0.086773,-0.081844,-0.084289
-0.0056176,0.013131,-0.0068556,0.0078704,-0.0029165,-0.0052695,0.0086211,-0.079405,-0.044608,-0.11017,-0.1102,-0.1373,-0.12257
0.0076699,0.019751,0.014534,0.023815,0.03084,0.017301,0.025302,-0.069164,-0.024152,-0.12526,-0.12526,-0.15429,-0.13824
0.020694,0.030556,0.030201,0.037857,0.05099,0.033378,0.039568,-0.064688,-0.011076,-0.11463,-0.11461,-0.13402,-0.12149
0.022113,0.030642,0.027878,0.034939,0.045131,0.027144,0.033191,-0.047858,-0.0063137,-0.085172,-0.08516,-0.10324,-0.091714
0.015268,0.0234,0.013954,0.021307,0.024174,0.010322,0.017465,-0.023726,-0.0013188,-0.043899,-0.043918,-0.06596,-0.051648
0.021425,0.034351,0.01206,0.023523,0.015416,0.0070091,0.018907,0.0076459,0.024777,-0.0008549,-0.00088722,-0.01532,-0.0059773
0.025052,0.03767,0.009924,0.021374,0.0020177,0.008678,0.020921,0.021855,0.034553,0.028481,0.028457,0.041969,0.033094
0.037773,0.064372,0.027443,0.049119,0.026136,0.02754,0.048998,0.013374,0.055408,0.0081194,0.0081501,0.018312,0.012174
0.065117,0.080892,0.11584,0.12702,0.18254,0.15736,0.16471,-0.014619,0.21059,-0.15836,-0.15779,-0.15917,-0.15274
0.064536,0.080187,0.11482,0.12591,0.18095,0.15596,0.16325,-0.01448,0.20873,-0.15692,-0.15635,-0.15773,-0.15135
0.063892,0.079406,0.11367,0.12466,0.17915,0.15437,0.1616,-0.014342,0.2066,-0.1553,-0.15474,-0.15612,-0.14978
0.063157,0.078518,0.11237,0.12325,0.17711,0.15255,0.15972,-0.014207,0.20415,-0.15348,-0.15292,-0.1543,-0.14802
0.062329,0.077522,0.11088,0.12164,0.17479,0.15049,0.15759,-0.01407,0.20136,-0.15142,-0.15087,-0.15226,-0.14603
0.061391,0.076396,0.1092,0.11983,0.17216,0.14815,0.15518,-0.013941,0.19818,-0.14912,-0.14858,-0.14997,-0.14381
0.060301,0.075083,0.10727,0.11775,0.16917,0.14549,0.15242,-0.013811,0.19456,-0.14655,-0.14602,-0.14742,-0.14134
0.059031,0.073538,0.10505,0.11533,0.16576,0.14244,0.14926,-0.013698,0.19043,-0.14369,-0.14317,-0.14461,-0.13859
0.057521,0.071695,0.10247,0.11252,0.16182,0.13894,0.14561,-0.013548,0.18574,-0.14046,-0.13996,-0.14147,-0.13552
0.055769,0.069545,0.099504,0.10927,0.15729,0.13496,0.14144,-0.013331,0.18045,-0.13677,-0.13628,-0.13791,-0.13201
0.053767,0.067083,0.096119,0.10557,0.1521,0.13045,0.13672,-0.013029,0.17454,-0.13254,-0.13206,-0.13382,-0.12799
0.051561,0.064374,0.092364,0.10146,0.14629,0.12548,0.13152,-0.012666,0.16805,-0.12782,-0.12735,-0.12924,-0.12349
0.049183,0.061448,0.08829,0.097005,0.13995,0.12009,0.12588,-0.01224,0.16101,-0.12264,-0.12219,-0.1242,-0.11856
0.046677,0.058353,0.083962,0.092265,0.13317,0.11437,0.11988,-0.011756,0.15352,-0.11707,-0.11665,-0.11875,-0.11326
0.044084,0.055132,0.079434,0.087294,0.12603,0.10836,0.11357,-0.011198,0.14562,-0.11116,-0.11076,-0.11293,-0.10761
0.041458,0.051836,0.074776,0.082165,0.11862,0.10215,0.10705,-0.010529,0.13743,-0.1049,-0.10452,-0.10668,-0.10161
0.03881,0.048484,0.070026,0.076916,0.11101,0.095789,0.10035,-0.0097171,0.12902,-0.098285,-0.097929,-0.10002,-0.095243
0.036137,0.045089,0.065198,0.071572,0.10326,0.089291,0.093496,-0.0087795,0.12047,-0.091359,-0.091027,-0.09298,-0.088548
0.033432,0.04165,0.060296,0.066146,0.095395,0.082674,0.086518,-0.0077127,0.11184,-0.084142,-0.083834,-0.085587,-0.081537
0.03072,0.038201,0.055388,0.06071,0.087539,0.076024,0.079506,-0.00656,0.10323,-0.07675,-0.076466,-0.07797,-0.074323
0.028034,0.034789,0.05055,0.055351,0.079823,0.069444,0.072568,-0.0054274,0.094701,-0.069416,-0.069157,-0.070414,-0.067157
0.025373,0.031413,0.045795,0.050081,0.072277,0.062973,0.065742,-0.004407,0.086257,-0.062337,-0.062101,-0.063126,-0.060243
0.022774,0.02812,0.041172,0.044957,0.064954,0.056684,0.059107,-0.0035018,0.077989,-0.055561,-0.055349,-0.05617,-0.053636
0.020287,0.02497,0.036747,0.040055,0.057943,0.05067,0.052764,-0.002742,0.069984,-0.04917,-0.04898,-0.049612,-0.047408
0.017944,0.022015,0.032567,0.035437,0.05133,0.044979,0.046775,-0.0021503,0.06232,-0.043265,-0.043096,-0.043567,-0.041662
0.015772,0.019296,0.028679,0.031159,0.04519,0.039667,0.041203,-0.0017017,0.055096,-0.03787,-0.037721,-0.038063,-0.036422
0.013778,0.016819,0.025093,0.027231,0.039534,0.034753,0.036065,-0.0013642,0.04836,-0.032969,-0.032838,-0.033073,-0.031668
0.011956,0.014567,0.021806,0.02364,0.03435,0.030237,0.031354,-0.0010977,0.042141,-0.028516,-0.028402,-0.028545,-0.027354
0.0103,0.012528,0.018812,0.020376,0.029628,0.026117,0.027063,-0.00088729,0.036448,-0.024496,-0.024397,-0.024465,-0.023464
0.0088081,0.0107,0.01611,0.017437,0.025368,0.022391,0.023189,-0.00072343,0.031281,-0.020905,-0.02082,-0.020835,-0.019997
0.0074805,0.009081,0.013697,0.014819,0.021567,0.019052,0.019724,-0.00059526,0.026638,-0.017732,-0.017659,-0.017649,-0.016946
0.0063078,0.0076568,0.011556,0.012502,0.018197,0.016079,0.016646,-0.00049413,0.022494,-0.014946,-0.014885,-0.014869,-0.014279
0.0052709,0.0063998,0.0096587,0.01045,0.015211,0.01344,0.013914,-0.0004133,0.018807,-0.012496,-0.012445,-0.012433,-0.011938
0.0043549,0.0052891,0.0079808,0.0086358,0.01257,0.011105,0.011498,-0.00034349,0.015542,-0.010332,-0.010289,-0.010282,-0.0098719
0.0035476,0.0043094,0.0065018,0.0070359,0.010241,0.009047,0.0093677,-0.00028083,0.012663,-0.0084207,-0.0083864,-0.0083808,-0.0080467
0.0028379,0.0034475,0.0052013,0.0056289,0.0081931,0.0072386,0.0074954,-0.0002255,0.010134,-0.0067394,-0.0067119,-0.0067056,-0.0064398
0.0022172,0.0026932,0.0040634,0.0043973,0.0063998,0.0056561,0.0058569,-0.00017723,0.0079187,-0.0052667,-0.0052453,-0.0052369,-0.0050318
0.001676,0.0020353,0.0030709,0.0033231,0.0048355,0.004276,0.0044277,-0.00013531,0.0059864,-0.0039825,-0.0039663,-0.0039561,-0.003804
0.0012047,0.0014626,0.0022075,0.0023886,0.0034754,0.0030756,0.0031845,-9.8273e-05,0.0043062,-0.002866,-0.0028543,-0.0028437,-0.0027368
0.00079591,0.00096564,0.0014588,0.001578,0.0022961,0.0020341,0.0021058,-6.6849e-05,0.002848,-0.0018988,-0.001891,-0.0018811,-0.0018128
0.00044113,0.00053462,0.00080979,0.00087557,0.0012747,0.0011312,0.0011707,-4.1007e-05,0.0015837,-0.0010633,-0.001059,-0.0010506,-0.0010152
0.00014326,0.00017267,0.00026247,0.00028309,0.00041269,0.00036524,0.00037735,-6.3274e-06,0.00051129,-0.00033198,-0.00033059,-0.00033204,-0.00031748
0.089305,0.10171,0.1332,0.1374,0.18802,0.12419,0.12201,0.235,0.29145,0.046355,0.046608,-0.02117,0.013612
0.060671,0.06095,0.10234,0.09747,0.15272,0.093274,0.082081,0.24822,0.27008,0.0583,0.058504,-0.009641,0.024071
0.048876,0.044744,0.08753,0.079434,0.13357,0.07782,0.063338,0.26001,0.26415,0.069024,0.069208,0.0010663,0.033658
0.040367,0.035169,0.074998,0.066211,0.11653,0.065272,0.0497,0.27462,0.26547,0.080416,0.080586,0.012462,0.04381
0.036032,0.031324,0.065119,0.056876,0.10012,0.055869,0.040245,0.29275,0.27168,0.094432,0.094583,0.026712,0.056372
0.038653,0.035506,0.060894,0.054067,0.086042,0.053323,0.038476,0.31395,0.28343,0.11247,0.11261,0.045035,0.072681
0.060991,0.06046,0.079448,0.074673,0.095779,0.076163,0.062663,0.33023,0.30849,0.12075,0.1209,0.053992,0.079525
0.12184,0.12587,0.1491,0.1472,0.17068,0.16027,0.14799,0.34235,0.38281,0.10184,0.10211,0.039324,0.062772
0.23703,0.24751,0.29232,0.29436,0.34301,0.33305,0.32245,0.31686,0.50328,0.040284,0.040796,-0.002107,0.015809
0.34653,0.35959,0.43083,0.43455,0.51407,0.48667,0.4786,0.2226,0.54107,-0.032094,-0.031375,-0.046531,-0.035238
0.41373,0.42669,0.51171,0.51617,0.61309,0.54876,0.5464,0.10197,0.4789,-0.084357,-0.083565,-0.078685,-0.070818
0.43264,0.44616,0.52924,0.53591,0.64047,0.5311,0.5369,-0.0068354,0.3829,-0.12838,-0.12758,-0.11107,-0.10338
0.38914,0.40525,0.47843,0.48867,0.60018,0.45759,0.47002,-0.082266,0.29134,-0.16552,-0.16475,-0.14308,-0.134
0.30447,0.32391,0.39036,0.40384,0.52409,0.3695,0.3852,-0.13314,0.212,-0.19941,-0.19869,-0.17339,-0.16439
0.21243,0.2347,0.29629,0.3123,0.43855,0.28663,0.3035,-0.17316,0.13988,-0.23171,-0.23106,-0.20313,-0.19514
0.13768,0.16152,0.21592,0.2336,0.35942,0.21624,0.2334,-0.20411,0.076771,-0.25921,-0.25865,-0.23037,-0.22356
0.086259,0.11139,0.15764,0.17671,0.29765,0.1615,0.17889,-0.23374,0.020144,-0.29675,-0.29629,-0.2692,-0.26542
0.053063,0.078611,0.11769,0.13724,0.24844,0.11992,0.13716,-0.2721,-0.041195,-0.34887,-0.34855,-0.32189,-0.32426
0.033942,0.059262,0.092851,0.11218,0.2102,0.092731,0.10971,-0.30495,-0.092038,-0.3965,-0.39626,-0.37451,-0.38049
0.024,0.049714,0.080612,0.099866,0.18907,0.07953,0.096212,-0.31311,-0.11173,-0.42669,-0.42648,-0.42011,-0.42144
0.02133,0.049227,0.077289,0.097811,0.18042,0.07682,0.094268,-0.32246,-0.12115,-0.46513,-0.46496,-0.47939,-0.46984
0.02416,0.056847,0.079129,0.10292,0.17893,0.077894,0.098045,-0.32589,-0.1204,-0.5,-0.49987,-0.54535,-0.51678
0.029172,0.067588,0.084229,0.11189,0.18568,0.08185,0.10503,-0.3162,-0.10399,-0.52315,-0.52303,-0.60292,-0.55238
0.034916,0.077733,0.090349,0.12089,0.19413,0.087084,0.1125,-0.3048,-0.087506,-0.53738,-0.53727,-0.64715,-0.57726
0.041678,0.085724,0.095411,0.12679,0.19736,0.092505,0.11871,-0.29565,-0.076966,-0.54129,-0.54119,-0.67276,-0.58847
0.044557,0.085509,0.093093,0.12237,0.18596,0.092156,0.11652,-0.2743,-0.068512,-0.5208,-0.52073,-0.67045,-0.57476
0.038499,0.072595,0.076632,0.10129,0.15242,0.076956,0.097418,-0.22744,-0.058239,-0.45476,-0.45473,-0.61093,-0.51266
0.029916,0.057565,0.056947,0.077221,0.11699,0.055523,0.072396,-0.16649,-0.04144,-0.35495,-0.35494,-0.4935,-0.40779
0.024753,0.048927,0.043515,0.06141,0.091926,0.040587,0.05555,-0.10484,-0.014647,-0.25055,-0.25055,-0.36085,-0.29369
0.025037,0.046156,0.034844,0.050815,0.065483,0.034037,0.047501,-0.059959,0.0035204,-0.15621,-0.15621,-0.2272,-0.18548
0.031504,0.047554,0.029872,0.043312,0.036475,0.033555,0.046289,-0.067809,-0.013728,-0.10267,-0.10272,-0.11782,-0.10986
0.031942,0.044422,0.027497,0.039136,0.028733,0.034812,0.04647,-0.089424,-0.026522,-0.11442,-0.11447,-0.11476,-0.11493
0,0,0,0,0,0,0,0,0,0,0,0,0
0.017034,0.046401,0.029801,0.051099,0.066843,0.027908,0.046542,-0.036175,0.035892,-0.10689,-0.10677,-0.14579,-0.12141
0.029335,0.058212,0.031463,0.053813,0.055147,0.030601,0.051251,-0.050296,0.017319,-0.086353,-0.086277,-0.0872,-0.085763
0,0,0,0,0,0,0,0,0,0,0,0,0
0,0,0,0,0,0,0,0,0,0,0,0,0
0.06495,0.11345,0.066192,0.10585,0.099332,0.067663,0.1053,-0.15572,-0.0082479,-0.24876,-0.24871,-0.27088,-0.25647
0.036906,0.06233,0.055335,0.073293,0.088534,0.057623,0.073273,-0.063095,0.032889,-0.13773,-0.1376,-0.14831,-0.14057
-0.018513,-0.043296,0.00031703,-0.023071,0.0020978,0.0024297,-0.022066,0.098264,0.048464,0.097099,0.097166,0.10895,0.099138
-0.042786,-0.081393,-0.035335,-0.0681,-0.050089,-0.038465,-0.070678,0.10311,-0.00061071,0.14468,0.14466,0.16024,0.148
-0.046168,-0.070337,-0.054317,-0.073416,-0.074608,-0.065339,-0.083068,0.0034613,-0.091625,0.062576,0.062451,0.071891,0.064916
7.0842e-05,7.4918e-05,7.9787e-05,8.2033e-05,8.2195e-05,0.00010527,0.00010176,3.815e-05,8.14e-05,7.048e-06,7.2529e-06,6.4111e-06,5.3948e-06
0.00016375,0.00016375,0.00018944,0.0001873,0.00020244,0.00023535,0.00022336,7.6267e-05,0.00018034,-7.5478e-06,-7.5203e-06,-8.6148e-06,-8.7909e-06
0.0011574,0.0011487,0.0012664,0.001241,0.0012838,0.0013396,0.0012702,9.8094e-05,0.00073389,-0.00035889,-0.00035865,-0.00033401,-0.00034078
0.0070867,0.0072131,0.0077399,0.0077527,0.008105,0.0084292,0.0081322,0.00024584,0.0049108,-0.0037249,-0.0037193,-0.0035327,-0.0036141
0.029013,0.029759,0.032473,0.032639,0.035475,0.036998,0.035597,0.0051529,0.026537,-0.016233,-0.016207,-0.016365,-0.016185
0.093217,0.094383,0.10599,0.10533,0.11889,0.12549,0.11854,0.053747,0.1218,-0.037997,-0.037887,-0.045714,-0.041662
0.18801,0.18601,0.21181,0.20595,0.2344,0.26724,0.2434,0.24124,0.3535,-0.021113,-0.020874,-0.057802,-0.041827
0.38213,0.37886,0.42683,0.41619,0.45796,0.5737,0.52559,0.54604,0.80339,0.01154,0.012088,-0.03855,-0.021071
0.78032,0.77447,0.88184,0.86456,0.93966,1.1606,1.0857,0.73174,1.3218,-0.022243,-0.021182,-0.055067,-0.042612
1.1996,1.183,1.3346,1.3077,1.3773,1.6196,1.5374,0.58103,1.3732,-0.054393,-0.053071,-0.055624,-0.049994
1.4635,1.4326,1.5637,1.5308,1.5332,1.673,1.6141,0.23108,1.0033,-0.081838,-0.080702,-0.053795,-0.054821
1.4321,1.3933,1.4345,1.4054,1.3236,1.3368,1.3132,-0.029791,0.58473,-0.086385,-0.08552,-0.047493,-0.049293
1.0864,1.055,1.0361,1.018,0.91976,0.89102,0.88847,-0.13477,0.30417,-0.083291,-0.082706,-0.042599,-0.044887
0.59931,0.58065,0.58362,0.57366,0.52616,0.52016,0.52082,-0.14271,0.14737,-0.079018,-0.07864,-0.03834,-0.043562
0.23204,0.22371,0.25337,0.24867,0.24951,0.26939,0.26805,-0.11629,0.065194,-0.066839,-0.066582,-0.031324,-0.036805
0.080646,0.076543,0.1016,0.099472,0.11356,0.1455,0.14317,-0.10577,0.020376,-0.066828,-0.066665,-0.034848,-0.04061
0.03057,0.027985,0.040884,0.040384,0.049931,0.084502,0.083433,-0.12422,-0.022175,-0.084593,-0.084476,-0.051075,-0.058285
0.008038,0.0040781,0.011378,0.010143,0.015036,0.050555,0.049288,-0.12413,-0.040254,-0.070433,-0.070385,-0.033009,-0.041174
-0.00079014,-0.0014361,0.00063931,0.00026171,0.0026618,0.0038852,0.0034922,-0.019351,-0.010309,-0.012905,-0.012898,-0.0060247,-0.0086926
-0.00027677,-0.00025694,-1.6038e-05,1.4792e-05,0.00033391,0.00044198,0.00048258,-0.0057899,-0.0040252,-0.0041807,-0.0041818,-0.0024195,-0.0032246
0.00025977,0.00036769,0.00042328,0.00050759,0.00065096,0.00062026,0.00069565,-0.0022969,-0.0011532,-0.002161,-0.0021609,-0.001422,-0.0017519
0.0003298,0.00041851,0.00041666,0.00048624,0.0005484,0.00044621,0.00050978,-0.0010686,-0.00039304,-0.0012078,-0.0012076,-0.00082826,-0.0010133
7.0816e-05,0.00011724,0.00012078,0.00015495,0.00020231,0.00015739,0.00018621,-0.00036873,-0.00010926,-0.00050903,-0.00050851,-0.00039669,-0.0004668
1.5334e-05,3.0139e-05,1.737e-05,2.8819e-05,2.8381e-05,2.4995e-05,3.3586e-05,-6.3999e-05,-2.0489e-05,-9.7216e-05,-9.7293e-05,-0.00010947,-0.00010292
8.9989e-07,3.5897e-06,1.7748e-07,2.347e-06,2.1436e-06,-2.5009e-07,1.7671e-06,-1.1442e-06,2.9789e-06,-6.6316e-06,-6.6136e-06,-9.3377e-06,-7.6742e-06
0,0,0,0,0,0,0,0,0,0,0,0,0
0,0,0,0,0,0,0,0,0,0,0,0,0
0,0,0,0,0,0,0,0,0,0,0,0,0
0,0,0,0,0,0,0,0,0,0,0,0,0
0,0,0,0,0,0,0,0,0,0,0,0,0
0,0,0,0,0,0,0,0,0,0,0,0,0
0,0,0,0,0,0,0,0,0,0,0,0,0
0,0,0,0,0,0,0,0,0,0,0,0,0
0,0,0,0,0,0,0,0,0,0,0,0,0
0,0,0,0,0,0,0,0,0,0,0,0,0
0,0,0,0,0,0,0,0,0,0,0,0,0
0,0,0,0,0,0,0,0,0,0,0,0,0
0,0,0,0,0,0,0,0,0,0,0,0,0
0,0,0,0,0,0,0,0,0,0,0,0,0
0,0,0,0,0,0,0,0,0,0,0,0,0
0,0,0,0,0,0,0,0,0,0,0,0,0
0,0,0,0,0,0,0,0,0,0,0,0,0
1.2046,1.1805,1.1849,1.1694,1.0436,0.98501,1.0034,-0.30896,0.20734,-0.087756,-0.087111,-0.022704,-0.035927
1.2523,1.2253,1.2288,1.2117,1.0804,1.0186,1.037,-0.31205,0.21861,-0.088882,-0.088219,-0.023635,-0.036686
1.3142,1.2838,1.2863,1.2672,1.1289,1.0636,1.0821,-0.31649,0.23388,-0.089939,-0.089249,-0.024092,-0.037015
1.3916,1.3571,1.3585,1.3371,1.1901,1.1209,1.1395,-0.32213,0.25373,-0.090831,-0.090105,-0.023981,-0.036809
1.4863,1.447,1.447,1.4228,1.2652,1.1919,1.2108,-0.3291,0.27863,-0.091534,-0.090764,-0.023264,-0.036019
1.599,1.5542,1.5522,1.525,1.3546,1.277,1.2961,-0.33778,0.30834,-0.092135,-0.091312,-0.021983,-0.034685
1.7282,1.6771,1.6726,1.6419,1.4567,1.3747,1.3943,-0.3487,0.34169,-0.092684,-0.091798,-0.020087,-0.032794
1.8682,1.8105,1.8022,1.7681,1.566,1.4797,1.4999,-0.36237,0.37562,-0.092663,-0.091708,-0.01692,-0.029765
1.9977,1.9336,1.919,1.8817,1.6616,1.5701,1.5918,-0.38237,0.39644,-0.090932,-0.089919,-0.011075,-0.02441
2.0545,1.9866,1.959,1.9211,1.6839,1.5831,1.6089,-0.418,0.36773,-0.088153,-0.087131,-0.0031127,-0.017674
1.9192,1.8545,1.8076,1.7739,1.5335,1.4225,1.455,-0.4607,0.25942,-0.087344,-0.08642,0.0016717,-0.014673
1.4943,1.4437,1.3934,1.3696,1.1666,1.0692,1.1039,-0.46316,0.10954,-0.086484,-0.085766,4.9603e-05,-0.017175
0.916,0.88566,0.86875,0.85532,0.73032,0.6757,0.70333,-0.40406,-0.0045708,-0.084439,-0.083951,-0.0077085,-0.024342
0.45296,0.43907,0.45549,0.44929,0.39531,0.38032,0.39782,-0.31762,-0.059175,-0.080801,-0.080488,-0.015927,-0.031615
0.19861,0.19376,0.21635,0.21429,0.19794,0.20291,0.21287,-0.23825,-0.07365,-0.076689,-0.076493,-0.022024,-0.037004
0.085813,0.084864,0.10105,0.10098,0.098575,0.10878,0.1144,-0.1794,-0.071058,-0.074117,-0.073993,-0.027086,-0.041626
0.037742,0.038421,0.048011,0.048839,0.050429,0.059214,0.062582,-0.13606,-0.062692,-0.070471,-0.070394,-0.030437,-0.044105
0.017067,0.017903,0.022895,0.023688,0.025552,0.030561,0.03245,-0.086845,-0.043018,-0.050996,-0.050954,-0.023538,-0.033516
0.0033235,0.0031831,0.0040968,0.0040125,0.0042257,0.0050159,0.0051653,-0.010281,-0.0044004,-0.0020713,-0.0020639,0.0014973,0.00040315
0.0014193,0.0013139,0.001805,0.001739,0.0018974,0.0022641,0.0023179,-0.0052992,-0.0024332,-0.001211,-0.0012082,0.00084546,8.6335e-05
0.00076695,0.0007063,0.00095986,0.00092525,0.00098398,0.0011403,0.0011814,-0.002923,-0.0014363,-0.00074883,-0.00074856,0.00036937,-9.6904e-05
0.00025576,0.00024207,0.00031141,0.00030323,0.0003077,0.00033524,0.00034808,-0.00074687,-0.000357,-0.00020329,-0.00020282,5.8065e-05,-5.4285e-05
7.1547e-05,7.0435e-05,8.7309e-05,8.6496e-05,8.7384e-05,8.3696e-05,8.7073e-05,-0.00012712,-4.9878e-05,-3.3022e-05,-3.2925e-05,7.4399e-06,-1.0231e-05
1.1397e-05,1.0792e-05,1.4587e-05,1.4046e-05,1.6515e-05,1.5685e-05,1.5416e-05,-9.0926e-06,2.7028e-06,-1.8901e-06,-1.861e-06,2.155e-06,7.2428e-07
1.2982e-06,1.2905e-06,1.4718e-06,1.4748e-06,1.6059e-06,1.4608e-06,1.4777e-06,-3.9396e-07,5.7956e-07,-2.6401e-08,-2.4415e-08,8.1809e-08,1.0682e-07
1.2239e-08,1.1193e-08,2.2805e-08,2.2635e-08,3.4766e-08,4.0075e-08,3.8342e-08,1.5789e-08,4.5031e-08,-4.5468e-10,-3.6725e-10,1.2484e-09,2.6618e-09
0,0,0,0,0,0,0,0,0,0,0,0,0
0,0,0,0,0,0,0,0,0,0,0,0,0
0,0,0,0,0,0,0,0,0,0,0,0,0
0,0,0,0,0,0,0,0,0,0,0,0,0
0,0,0,0,0,0,0,0,0,0,0,0,0
0,0,0,0,0,0,0,0,0,0,0,0,0
0,0,0,0,0,0,0,0,0,0,0,0,0
0,0,0,0,0,0,0,0,0,0,0,0,0
0,0,0,0,0,0,0,0,0,0,0,0,0
0,0,0,0,0,0,0,0,0,0,0,0,0
0,0,0,0,0,0,0,0,0,0,0,0,0
0,0,0,0,0,0,0,0,0,0,0,0,0
0,0,0,0,0,0,0,0,0,0,0,0,0
0,0,0,0,0,0,0,0,0,0,0,0,0
0,0,0,0,0,0,0,0,0,0,0,0,0
0,0,0,0,0,0,0,0,0,0,0,0,0
0,0,0,0,0,0,0,0,0,0,0,0,0
0,0,0,0,0,0,0,0,0,0,0,0,0
0,0,0,0,0,0,0,0,0,0,0,0,0
0,0,0,0,0,0,0,0,0,0,0,0,0
0,0,0,0,0,0,0,0,0,0,0,0,0
0,0,0,0,0,0,0,0,0,0,0,0,0
0,0,0,0,0,0,0,0,0,0,0,0,0
0,0,0,0,0,0,0,0,0,0,0,0,0
0,0,0,0,0,0,0,0,0,0,0,0,0
0,0,0,0,0,0,0,0,0,0,0,0,0
0,0,0,0,0,0,0,0,0,0,0,0,0
0,0,0,0,0,0,0,0,0,0,0,0,0
0,0,0,0,0,0,0,0,0,0,0,0,0
0,0,0,0,0,0,0,0,0,0,0,0,0
0,0,0,0,0,0,0,0,0,0,0,0,0
0,0,0,0,0,0,0,0,0,0,0,0,0
0,0,0,0,0,0,0,0,0,0,0,0,0
0,0,0,0,0,0,0,0,0,0,0,0,0
0,0,0,0,0,0,0,0,0,0,0,0,0
0,0,0,0,0,0,0,0,0,0,0,0,0
0,0,0,0,0,0,0,0,0,0,0,0,0
0,0,0,0,0,0,0,0,0,0,0,0,0
0,0,0,0,0,0,0,0,0,0,0,0,0
0,0,0,0,0,0,0,0,0,0,0,0,0
0,0,0,0,0,0,0,0,0,0,0,0,0
0,0,0,0,0,0,0,0,0,0,0,0,0
0,0,0,0,0,0,0,0,0,0,0,0,0
0,0,0,0,0,0,0,0,0,0,0,0,0
0,0,0,0,0,0,0,0,0,0,0,0,0
0,0,0,0,0,0,0,0,0,0,0,0,0
0,0,0,0,0,0,0,0,0,0,0,0,0
0,0,0,0,0,0,0,0,0,0,0,0,0
0,0,0,0,0,0,0,0,0,0,0,0,0
0,0,0,0,0,0,0,0,0,0,0,0,0
0,0,0,0,0,0,0,0,0,0,0,0,0
0,0,0,0,0,0,0,0,0,0,0,0,0
0,0,0,0,0,0,0,0,0,0,0,0,0
0,0,0,0,0,0,0,0,0,0,0,0,0
0,0,0,0,0,0,0,0,0,0,0,0,0
0,0,0,0,0,0,0,0,0,0,0,0,0
0,0,0,0,0,0,0,0,0,0,0,0,0
0,0,0,0,0,0,0,0,0,0,0,0,0
0,0,0,0,0,0,0,0,0,0,0,0,0
0,0,0,0,0,0,0,0,0,0,0,0,0
0,0,0,0,0,0,0,0,0,0,0,0,0
0,0,0,0,0,0,0,0,0,0,0,0,0
0,0,0,0,0,0,0,0,0,0,0,0,0
0,0,0,0,0,0,0,0,0,0,0,0,0
0,0,0,0,0,0,0,0,0,0,0,0,0
0,0,0,0,0,0,0,0,0,0,0,0,0
0,0,0,0,0,0,0,0,0,0,0,0,0
0,0,0,0,0,0,0,0,0,0,0,0,0
0,0,0,0,0,0,0,0,0,0,0,0,0
0,0,0,0,0,0,0,0,0,0,0,0,0
0,0,0,0,0,0,0,0,0,0,0,0,0
-3.7365e-11,-5.7565e-11,-6.4378e-11,-7.4851e-11,-1.0425e-10,-6.7025e-11,-7.2701e-11,-1.2636e-10,-1.7382e-10,-6.7321e-11,-6.7106e-11,4.3757e-11,-1.507e-11
-3.0069e-08,-2.9097e-08,-4.146e-08,-3.7419e-08,-6.391e-08,-1.6202e-08,-5.9531e-09,-4.9136e-07,-3.4925e-07,-3.8188e-07,-3.8209e-07,-1.7e-07,-2.6432e-07
2.3794e-06,3.0798e-06,3.6921e-06,4.3725e-06,4.0614e-06,6.9565e-06,8.1084e-06,-4.998e-05,-3.0128e-05,-4.0671e-05,-4.0664e-05,-2.0584e-05,-2.9187e-05
0.00027015,0.0003226,0.0004155,0.00046121,0.0005026,0.00063332,0.00070392,-0.0031842,-0.0018348,-0.0024965,-0.0024956,-0.0013492,-0.0018262
0.0028134,0.0035671,0.0046389,0.0052938,0.0057829,0.0075846,0.008562,-0.043958,-0.025683,-0.035151,-0.035138,-0.019124,-0.025793
0.049681,0.061752,0.078204,0.087938,0.1037,0.11175,0.12413,-0.54196,-0.30598,-0.46538,-0.46523,-0.27183,-0.3576
0.05586,0.072726,0.088149,0.10142,0.12208,0.12061,0.13615,-0.66295,-0.38257,-0.6419,-0.64176,-0.38636,-0.51158
0.061575,0.08349,0.09785,0.11494,0.14134,0.12821,0.14724,-0.80844,-0.47636,-0.88144,-0.88135,-0.55951,-0.73602
0.070139,0.099253,0.11146,0.134,0.16693,0.13987,0.16393,-0.9844,-0.58684,-1.1895,-1.1895,-0.81559,-1.0468
0.078598,0.11612,0.12543,0.15438,0.19439,0.1529,0.18289,-1.1624,-0.69547,-1.5251,-1.5253,-1.1489,-1.414
0.089138,0.13435,0.14114,0.17601,0.22222,0.16834,0.20372,-1.2943,-0.77013,-1.8158,-1.8161,-1.5221,-1.768
0.10069,0.15233,0.15606,0.19572,0.24601,0.1844,0.22364,-1.3314,-0.77705,-1.9829,-1.9833,-1.8572,-2.0172
0.10844,0.1649,0.16462,0.2077,0.25994,0.19487,0.23585,-1.2479,-0.7025,-1.9753,-1.9757,-2.0526,-2.0866
0.11157,0.1723,0.16554,0.21152,0.2637,0.19543,0.23715,-1.0775,-0.57338,-1.8183,-1.8187,-2.0578,-1.9802
0.11423,0.17787,0.16428,0.21181,0.26256,0.19037,0.23169,-0.8527,-0.41149,-1.5433,-1.5437,-1.858,-1.7193
0.10153,0.16003,0.14338,0.18638,0.23081,0.16238,0.19855,-0.57965,-0.23969,-1.134,-1.1343,-1.4207,-1.2829
0.064795,0.10388,0.089416,0.11786,0.14562,0.099103,0.12224,-0.26432,-0.077066,-0.58445,-0.58455,-0.75979,-0.67185
0.023362,0.038273,0.03205,0.042711,0.054366,0.035624,0.043693,-0.053682,0.0047739,-0.16712,-0.16714,-0.23451,-0.19935
0.0056527,0.008855,0.0076834,0.0099388,0.012736,0.008588,0.01018,-0.0030511,0.0080308,-0.02518,-0.025179,-0.03911,-0.031611
0.0011657,0.0017637,0.0013736,0.0017956,0.0019754,0.0013744,0.0017153,-0.00046989,0.0011506,-0.0031114,-0.0031115,-0.0049795,-0.0039722
8.0896e-05,0.00013261,9.0993e-05,0.00012849,0.00013326,8.5822e-05,0.00011904,-3.3849e-05,8.3021e-05,-0.00026813,-0.00026813,-0.00044835,-0.00035232
1.3245e-06,2.0425e-06,1.438e-06,1.9293e-06,2.0123e-06,1.4309e-06,1.8813e-06,3.7348e-07,2.0912e-06,-2.2188e-06,-2.2168e-06,-4.4102e-06,-3.1636e-06
1.4165e-08,2.0158e-08,1.4774e-08,1.8237e-08,1.6161e-08,1.3694e-08,1.7027e-08,-4.4973e-09,1.1928e-08,-8.1685e-09,-8.1105e-09,-1.4148e-08,-1.0057e-08
6.2022e-11,7.9079e-11,7.2433e-11,8.2562e-11,9.3937e-11,7.6894e-11,8.3694e-11,2.7908e-11,8.0199e-11,-1.2391e-12,-1.0775e-12,-7.4159e-12,-3.55e-12
5.9031e-13,8.6542e-13,6.9517e-13,9.0881e-13,8.843e-13,5.4293e-13,7.9252e-13,-1.1e-12,-6.6528e-13,-4.9885e-13,-4.9429e-13,-7.4167e-13,-5.2152e-13
0,0,0,0,0,0,0,0,0,0,0,0,0
0,0,0,0,0,0,0,0,0,0,0,0,0
0,0,0,0,0,0,0,0,0,0,0,0,0
0,0,0,0,0,0,0,0,0,0,0,0,0
0,0,0,0,0,0,0,0,0,0,0,0,0
0,0,0,0,0,0,0,0,0,0,0,0,0
0,0,0,0,0,0,0,0,0,0,0,0,0
0,0,0,0,0,0,0,0,0,0,0,0,0
0,0,0,0,0,0,0,0,0,0,0,0,0
0,0,0,0,0,0,0,0,0,0,0,0,0
0,0,0,0,0,0,0,0,0,0,0,0,0
0,0,0,0,0,0,0,0,0,0,0,0,0
0,0,0,0,0,0,0,0,0,0,0,0,0
0,0,0,0,0,0,0,0,0,0,0,0,0
0,0,0,0,0,0,0,0,0,0,0,0,0
0,0,0,0,0,0,0,0,0,0,0,0,0
0,0,0,0,0,0,0,0,0,0,0,0,0
0,0,0,0,0,0,0,0,0,0,0,0,0
0,0,0,0,0,0,0,0,0,0,0,0,0
0,0,0,0,0,0,0,0,0,0,0,0,0
0,0,0,0,0,0,0,0,0,0,0,0,0
0,0,0,0,0,0,0,0,0,0,0,0,0
0,0,0,0,0,0,0,0,0,0,0,0,0
0,0,0,0,0,0,0,0,0,0,0,0,0
0,0,0,0,0,0,0,0,0,0,0,0,0
0,0,0,0,0,0,0,0,0,0,0,0,0
0,0,0,0,0,0,0,0,0,0,0,0,0
0,0,0,0,0,0,0,0,0,0,0,0,0
0,0,0,0,0,0,0,0,0,0,0,0,0
0,0,0,0,0,0,0,0,0,0,0,0,0
0,0,0,0,0,0,0,0,0,0,0,0,0
0,0,0,0,0,0,0,0,0,0,0,0,0
0,0,0,0,0,0,0,0,0,0,0,0,0
0,0,0,0,0,0,0,0,0,0,0,0,0
0,0,0,0,0,0,0,0,0,0,0,0,0
0,0,0,0,0,0,0,0,0,0,0,0,0
0,0,0,0,0,0,0,0,0,0,0,0,0
0,0,0,0,0,0,0,0,0,0,0,0,0
0,0,0,0,0,0,0,0,0,0,0,0,0
0,0,0,0,0,0,0,0,0,0,0,0,0
0,0,0,0,0,0,0,0,0,0,0,0,0
0,0,0,0,0,0,0,0,0,0,0,0,0
0,0,0,0,0,0,0,0,0,0,0,0,0
0,0,0,0,0,0,0,0,0,0,0,0,0
0,0,0,0,0,0,0,0,0,0,0,0,0
0,0,0,0,0,0,0,0,0,0,0,0,0
