0.021513840206784
0.021888997072926
0.021392203994424
0.020167174485791
0.018271050316449
0.015557380630863
0.012250474319330
0.008681507124131
0.004949669629579
0.000930169351101
-0.002706813787124
-0.005067142895213
-0.005683139186339
-0.005263273044928
-0.004079246563998
-0.002206748914266
-0.000032639586341
0.002050380258297
0.003245664927909
0.002978152060196
0.002198748408483
0.001566461542849
0.001059796685444
0.000771201356174
0.001581808563204
0.002596158397694
0.003355530670199
0.003737776219727
0.002902781155412
-0.000869547558780
-0.004806508053823
-0.005171765795972
-0.000780673746651
0.000874690149124
0.001323942184694
0.002863906617251
0.004064998878766
0.002999254805323
0.000565728072438
-0.001118031135622
-0.001752075757040
-0.002352248971088
0.002642516845409
0.000444750340494
0.000638586174044
0.000773164920971
0.000878139274183
0.000898804461296
0.000714127517644
0.000121437304789
-0.000859520383619
-0.001880423598214
-0.002414028691393
-0.002551921338065
-0.002364414710573
-0.001163072266532
0.001402623070146
0.003215012406808
0.002329541729786
0.000173559370661
-0.000771887577991
0.000003765782220
0.000976841995986
0.001089864189025
0.000851939434367
0.000540789620158
0.000361379188670
0.000373450156271
0.000540159946100
0.000875998891858
0.000963526602925
0.000447579727118
-0.000514003605980
-0.000637781909261
0.001070463323017
0.002768121379233
0.002680427396861
0.002354439093030
0.002636611464126
0.002092356803360
0.000922268227282
0.000875144328928
0.001456119915458
0.001331515718464
-0.002717202713940
-0.004286223080493
-0.003401916917489
-0.001706684630245
0.000234535111159
0.002347979207983
0.004634716187450
0.006035669458020
0.004520836039091
-0.002144955362617
-0.003187757222674
-0.002102459372997
0.002858190350413
0.004088722004344
0.003004819764093
-0.000447622691715
-0.005020003187366
-0.005119861019171
-0.000855180419030
0.003691471358703
0.005820175803167
0.004926577346317
0.002862400820619
0.001615518493739
0.001379243829786
0.001692830622244
0.001395029517012
0.001707102540321
0.002670432060195
0.001829940627180
-0.000567304991934
-0.000081139545267
0.001060173506011
-0.000351680524568
-0.001218582798005
0.000271273141144
0.001442071508427
0.001127516658613
-0.001097161090684
-0.002452307052777
-0.001578005061723
-0.000435431852142
-0.000601696678362
0.000045450652109
0.000045870322731
0.000047162786923
0.000048478209849
0.000051203351337
0.000055995008940
0.000061000014122
0.000061995675558
0.000058538390057
0.000049714756745
0.000037582162561
0.000022304210401
0.000006457607177
-0.000010010277952
-0.000024998631900
-0.000035674823344
-0.000042581421625
-0.000045443551184
-0.000043936134081
-0.000037503465741
-0.000030847043254
-0.000027396765189
-0.000025530257157
-0.000025450047538
-0.000026316115343
-0.000026195589387
-0.000024817717697
-0.000022657631271
-0.000020414278408
-0.000018524881125
-0.000016620038797
-0.000014476662854
-0.000012425683448
-0.000010479487820
-0.000008585606504
-0.000006861674765
-0.000005300557837
-0.000003975685264
-0.000002834946631
-0.000001846056557
-0.000001018939739
-0.000000435589325
0.007644279930280
0.005031366931408
0.004012904774962
0.003650930124391
0.003748224207692
0.004611378254600
0.006356978936989
0.009782380672323
0.012302395938179
0.012460880493186
0.011061787193549
0.008418370743124
0.007029371335063
0.009307893528969
0.016027593171778
0.020894138203396
0.018131126400783
0.009450287486752
-0.000057383186215
-0.007021436832831
-0.011509530094102
-0.013983408748345
-0.014525213789831
-0.014373135734246
-0.014242709398243
-0.012698543653098
-0.007884525545641
-0.001646909483161
0.002179911440560
0.001848937921268
0.000446293751065
0.000743428920009
0.000000000000000
-0.003221818387795
-0.001897831951969
0.000000000000000
0.000000000000000
-0.000950073289536
-0.000639638300085
-0.001038067109648
-0.001273997834285
-0.004104465015202
0.000002747560560
0.000009096356520
0.000061435488960
0.000384764543419
0.001807964680233
0.005970890310891
0.012197356205088
0.023298464070544
0.013985916769971
0.021872141238501
0.021704764011766
0.026582008908968
0.018661522207076
0.019211148275466
0.033800601025031
0.033456307666049
0.020472365618203
0.010855397024022
0.000220364625774
-0.000129564453596
-0.000059972312860
-0.000042897803220
-0.000016657719313
-0.000002472161043
0.000000034315101
0.000000000000000
0.000000000000000
0.000000000000000
0.000000000000000
0.000000000000000
0.000000000000000
0.000000000000000
0.000000000000000
0.000000000000000
0.000000000000000
0.000000000000000
0.000000000000000
0.000000000000000
0.000000000000000
0.000000000000000
0.000000000000000
0.000000000000000
0.023962019135114
0.023610478318106
0.023408177490455
0.023418866326608
0.023771272243552
0.024685285399777
0.026514820403507
0.029797936319706
0.035219745316788
0.043535546232800
0.053438712493417
0.058387211201263
0.052157239538782
0.039821830469584
0.026119418733210
0.013915999406775
0.005817887200494
0.002016145514329
0.000386818864992
0.000142271020716
0.000072552921468
0.000018061317992
0.000003927769198
0.000000965673059
0.000000066270221
0.000000003943707
0.000000000000000
0.000000000000000
0.000000000000000
0.000000000000000
0.000000000000000
0.000000000000000
0.000000000000000
0.000000000000000
0.000000000000000
0.000000000000000
0.000000000000000
0.000000000000000
0.000000000000000
0.000000000000000
0.000000000000000
0.000000000000000
0.000000000000000
0.000000000000000
0.000000000000000
0.000000000000000
0.000000000000000
0.000000000000000
0.000000000000000
0.000000000000000
0.000000000000000
0.000000000000000
0.000000000000000
0.000000000000000
0.000000000000000
0.000000000000000
0.000000000000000
0.000000000000000
0.000000000000000
0.000000000000000
0.000000000000000
0.000000000000000
0.000000000000000
0.000000000000000
0.000000000000000
0.000000000000000
0.000000000000000
0.000000000000000
0.000000000000000
0.000000000000000
0.000000000000000
0.000000000000000
0.000000000000000
0.000000000000000
0.000000000000000
0.000000000000000
0.000000000000000
0.000000000000000
0.000000000000000
0.000000000000000
0.000000000000000
0.000000000000000
0.000000000000000
0.000000000000000
0.000000000000000
0.000000000000000
0.000000000000000
0.000000000000000
0.000000000000000
0.000000000000000
0.000000000000000
0.000000000000000
0.000000000000000
0.000000000000000
0.000000000000000
0.000000000000000
0.000000000000000
0.000000000007363
-0.000000002180175
-0.000000098281253
0.000001151625399
-0.000059467388019
-0.002226532414756
-0.006955587206819
-0.012724757165299
-0.017975462743590
-0.021456976897425
-0.024347231904338
-0.027541186492425
-0.028859562504069
-0.025466408349283
-0.019925244969544
-0.016208270696482
-0.011180025392651
-0.004266204020719
-0.000668878973364
-0.000042579541329
-0.000003381117608
0.000000090221730
0.000000001829496
0.000000000002214
0.000000000000056
0.000000000000000
0.000000000000000
0.000000000000000
0.000000000000000
0.000000000000000
0.000000000000000
0.000000000000000
0.000000000000000
0.000000000000000
0.000000000000000
0.000000000000000
0.000000000000000
0.000000000000000
0.000000000000000
0.000000000000000
0.000000000000000
0.000000000000000
0.000000000000000
0.000000000000000
0.000000000000000
0.000000000000000
0.000000000000000
0.000000000000000
0.000000000000000
0.000000000000000
0.000000000000000
0.000000000000000
0.000000000000000
0.000000000000000
0.000000000000000
0.000000000000000
0.000000000000000
0.000000000000000
0.000000000000000
0.000000000000000
0.000000000000000
0.000000000000000
0.000000000000000
0.000000000000000
0.000000000000000
0.000000000000000
0.000000000000000
0.000000000000000
0.000000000000000
0.000000000000000
0.000000000000000
