4.7164
4.7164
4.7164
4.7164
4.7164
4.7164
4.7164
4.7164
4.7164
4.7164
4.7164
4.7164
4.7164
4.7164
4.7164
4.7164
4.7164
4.7164
4.7164
4.7164
4.7164
4.7164
4.7164
4.7164
4.7164
4.7164
4.7164
4.7164
4.7164
4.7164
4.7164
4.7164
4.7164
4.7164
4.7164
4.7164
4.7164
4.7164
4.7164
4.7164
4.7164
4.7164
1.4672e-05
0.031462
0.063639
0.094324
0.12239
0.14742
0.16979
0.19082
0.21131
0.23022
0.24559
0.25614
0.26199
0.26455
0.26564
0.26655
0.26703
0.26464
0.25815
0.25413
0.25724
0.26858
0.28898
0.31468
0.33881
0.35591
0.3642
0.36016
0.3334
0.27884
0.21361
0.16809
0.14725
0.13881
0.14078
0.15366
0.17328
0.19336
0.22106
0.26965
0.27599
0.22125
0.064103
1.132
1.1135
1.0585
0.99367
0.94417
0.94041
0.97899
1.0116
1.0255
1.0322
1.0332
1.0262
1.0242
1.0302
1.0362
1.041
1.0777
0.99498
0.82764
0.78926
0.77817
0.78676
0.80635
0.84089
0.87987
0.89634
0.88274
0.85035
0.79969
0.82528
1.2518
1.7154
1.8549
1.8139
1.6619
1.8555
1.8163
1.6772
1.7255
1.8952
2.2717
1.4158
259.54
259.54
259.54
259.54
259.54
259.54
259.54
259.54
259.54
259.54
259.54
259.54
259.54
259.54
259.54
259.54
259.54
259.54
259.54
259.54
259.54
259.54
259.54
259.54
259.54
259.54
259.54
259.54
259.54
259.54
259.54
259.54
259.54
259.54
259.54
259.54
259.54
259.54
259.54
259.54
259.54
259.54
0.001256
0.0013059
0.0013606
0.0014503
0.0015709
0.0017017
0.0017782
0.0017589
0.0017181
0.0016844
0.0016392
0.0015677
0.0014606
0.0013214
0.0011499
0.00096067
0.00079163
0.00070256
0.00071231
0.00067789
0.00063108
0.00055898
0.00046293
0.00034783
0.00023072
0.00013427
6.9083e-05
3.2108e-05
1.3428e-05
5.1642e-06
2.1747e-06
1.3553e-06
1.0917e-06
1.3753e-06
1.3377e-06
9.9398e-07
9.0606e-07
9.7846e-07
1.2779e-06
1.2536e-06
1.0009e-06
3.687e-07
1.9927e-05
1.9927e-05
1.9927e-05
1.9927e-05
1.9927e-05
1.9927e-05
1.9927e-05
1.9927e-05
1.9927e-05
1.9927e-05
1.9927e-05
1.9927e-05
1.9927e-05
1.9927e-05
1.9927e-05
1.9927e-05
1.9927e-05
1.9927e-05
1.9927e-05
1.9927e-05
1.9927e-05
1.9927e-05
1.9927e-05
1.9927e-05
1.9927e-05
1.9927e-05
1.9927e-05
1.9927e-05
1.9927e-05
1.9927e-05
1.9927e-05
1.9927e-05
1.9927e-05
1.9927e-05
1.9927e-05
1.9927e-05
1.9927e-05
1.9927e-05
1.9927e-05
1.9927e-05
1.9927e-05
1.9927e-05
3.7545e-05
3.7545e-05
3.7545e-05
3.7545e-05
3.7545e-05
3.7545e-05
3.7545e-05
3.7545e-05
3.7545e-05
3.7545e-05
3.7545e-05
3.7545e-05
3.7545e-05
3.7545e-05
3.7545e-05
3.7545e-05
3.7545e-05
3.7545e-05
3.7545e-05
3.7545e-05
3.7545e-05
3.7545e-05
3.7545e-05
3.7545e-05
3.7545e-05
3.7545e-05
3.7545e-05
3.7545e-05
3.7545e-05
3.7545e-05
3.7545e-05
3.7545e-05
3.7545e-05
3.7545e-05
3.7545e-05
3.7545e-05
3.7545e-05
3.7545e-05
3.7545e-05
3.7545e-05
3.7545e-05
3.7545e-05
8.7472e-07
8.7472e-07
8.7472e-07
8.7472e-07
8.7472e-07
8.7472e-07
8.7472e-07
8.7472e-07
8.7472e-07
8.7472e-07
8.7472e-07
8.7472e-07
8.7472e-07
8.7472e-07
8.7472e-07
8.7472e-07
8.7472e-07
8.7472e-07
8.7472e-07
8.7472e-07
8.7472e-07
8.7472e-07
8.7472e-07
8.7472e-07
8.7472e-07
8.7472e-07
8.7472e-07
8.7472e-07
8.7472e-07
8.7472e-07
8.7472e-07
8.7472e-07
8.7472e-07
8.7472e-07
8.7472e-07
8.7472e-07
8.7472e-07
8.7472e-07
8.7472e-07
8.7472e-07
8.7472e-07
8.7472e-07
0.00031012
0.00031012
0.00031012
0.00031012
0.00031012
0.00031012
0.00031012
0.00031012
0.00031012
0.00031012
0.00031012
0.00031012
0.00031012
0.00031012
0.00031012
0.00031012
0.00031012
0.00031012
0.00031012
0.00031012
0.00031012
0.00031012
0.00031012
0.00031012
0.00031012
0.00031012
0.00031012
0.00031012
0.00031012
0.00031012
0.00031012
0.00031012
0.00031012
0.00031012
0.00031012
0.00031012
0.00031012
0.00031012
0.00031012
0.00031012
0.00031012
0.00031012
8.2764e-06
8.2764e-06
8.2764e-06
8.2764e-06
8.2764e-06
8.2764e-06
8.2764e-06
8.2764e-06
8.2764e-06
8.2764e-06
8.2764e-06
8.2764e-06
8.2764e-06
8.2764e-06
8.2764e-06
8.2764e-06
8.2764e-06
8.2764e-06
8.2764e-06
8.2764e-06
8.2764e-06
8.2764e-06
8.2764e-06
8.2764e-06
8.2764e-06
8.2764e-06
8.2764e-06
8.2764e-06
8.2764e-06
8.2764e-06
8.2764e-06
8.2764e-06
8.2764e-06
8.2764e-06
8.2764e-06
8.2764e-06
8.2764e-06
8.2764e-06
8.2764e-06
8.2764e-06
8.2764e-06
8.2764e-06
