-0.038376556345849
-0.040453588225302
-0.040466431007964
-0.039200052021124
-0.036737618781189
-0.032784713727124
-0.026892610342632
-0.019201159933714
-0.010835211083014
-0.003019321556570
0.003463086135688
0.007954127663716
0.009999467094769
0.009142827855001
0.005582167385210
0.000467976403471
-0.004280192778290
-0.006964537392079
-0.007061424404253
-0.005933125843293
-0.003990086483280
-0.001071883996346
0.002822233296314
0.005626415824214
0.004263650667151
-0.000133999746464
-0.005010842550336
-0.006374705758161
-0.002886564115488
0.004514606419474
0.007228475935235
0.005653326450445
0.005723887568537
0.001653023164789
-0.001101222266407
-0.001160990117118
-0.000482611618708
0.000363134981282
-0.000423403782866
-0.003357778679835
-0.002683646692210
0.002540178773757
-0.003690156429005
0.001160391617600
0.001164557722558
0.001122017035221
0.000973896438263
0.000809387310294
0.000855564210937
0.001196289428881
0.001628531863641
0.001801523169367
0.001591988198136
0.001053038598102
0.000361420114090
-0.000176055534043
-0.000141912173371
0.000751117144427
0.001877557460595
0.001402528174186
-0.001668198514773
-0.004558142437436
-0.003169632989429
0.001517705194275
0.004210720848244
0.001721350871902
-0.003576190634100
-0.007037329617865
-0.006422279583549
-0.003139226668754
-0.000154825396579
0.000868121090275
0.000187786482105
-0.001032068015042
-0.001806736164397
-0.002035182017687
-0.001371625717736
-0.000284296799637
-0.000118343509043
-0.000138358552523
0.000502423400544
0.000589188186880
-0.000341788909017
-0.001295346025627
0.001125870851027
-0.002602349855284
-0.001975931359430
-0.001646888306587
-0.000615310479483
0.000951845781014
0.002714991410804
0.004218014681681
0.004336757676277
0.001845943589207
-0.001403804689474
-0.004366557852410
-0.005944673275517
-0.005611497526939
-0.004033667013371
-0.001577453597438
0.001383844095565
0.002249382914522
-0.001892642827790
-0.009095124154719
-0.006964683831286
-0.000771688293037
0.005272770024505
0.006385686410657
0.002016903052897
-0.001707087708037
-0.001903411967669
0.000138583709154
0.001572932460012
-0.001075358725550
-0.005705970198735
-0.003500885073146
-0.001857767865947
-0.000417293296280
-0.003193318148184
-0.001844844799558
0.001265638158765
0.001100999111989
-0.000131275404879
-0.001841128085164
-0.002239410319507
-0.001545945834141
-0.004132617917244
-0.001288373704137
-0.001260318972434
-0.001228644073544
-0.001189965349667
-0.001147993061007
-0.001096838365005
-0.001028355296464
-0.000926609950272
-0.000783554246525
-0.000606857399097
-0.000410454738026
-0.000209090767610
-0.000012752379241
0.000156855578827
0.000290285057709
0.000377369629423
0.000411001925791
0.000399414202814
0.000366334956677
0.000326533955478
0.000285076471970
0.000237562488167
0.000186487067909
0.000139947201492
0.000097366487897
0.000054087950356
0.000012701853726
-0.000022143544868
-0.000046922919563
-0.000061048484371
-0.000067284175302
-0.000066368654751
-0.000057941676108
-0.000046337316835
-0.000036406960879
-0.000028101898236
-0.000020780875303
-0.000014082211499
-0.000008060460616
-0.000002526053219
0.000002499666420
0.000000756833803
-0.016948600209729
-0.013715470516248
-0.012202277572873
-0.012341254527425
-0.014102972600812
-0.017982584559866
-0.023901813945240
-0.030143103202368
-0.034680339913222
-0.036947007695825
-0.036971073638516
-0.035759946947489
-0.034627187040102
-0.033503875141310
-0.032519915202258
-0.031435006294447
-0.028207307625992
-0.020979151241504
-0.013807742250723
-0.008676958004184
-0.006471406661992
-0.007975297817855
-0.007697109831932
-0.003129661328704
0.003836353036220
0.010290098965383
0.014277382709509
0.013200519266852
0.006875194547793
-0.001354640619478
-0.005921894646451
0.001940330913963
0.007036277185226
0.001339148519038
-0.006399897767271
0.000000000000000
0.000000000000000
0.000000000000000
0.000492024121934
0.000498290606082
0.000574178643228
0.000000000000000
0.000000571470945
0.000016505189426
-0.000004352558223
-0.000307811627139
-0.001958483463545
-0.006900343321577
-0.013675774916758
-0.002511107320039
-0.000633565741188
-0.000240199915709
-0.000146710311146
-0.000130703710894
-0.000070559761053
-0.000089135807556
-0.000091013162170
-0.000212843796581
-0.004670142115284
-0.022630896107663
-0.023610664153316
-0.024555758708391
-0.025013400612044
-0.026982419054493
-0.005953691298860
-0.000770759426056
-0.000089212442278
0.000000000000000
0.000000000000000
0.000000000000000
0.000000000000000
0.000000000000000
0.000000000000000
0.000000000000000
0.000000000000000
0.000000000000000
0.000000000000000
0.000000000000000
0.000000000000000
0.000000000000000
0.000000000000000
0.000000000000000
0.000000000000000
0.000000000000000
-0.020186380250469
-0.020713931485667
-0.021375187243521
-0.022167180222175
-0.023099393947743
-0.024175900091974
-0.025401458700883
-0.026799255500055
-0.028384246542696
-0.030123002426809
-0.031935167180557
-0.033608121257845
-0.034823629457371
-0.035141366074427
-0.033981267089590
-0.030464459296025
-0.024196187612045
-0.016317543566313
-0.002171318486933
-0.000745138698402
-0.000391083223958
-0.000296154169156
-0.000189524270670
-0.000059357968112
-0.000002747633231
-0.000000087714190
0.000000000000000
0.000000000000000
0.000000000000000
0.000000000000000
0.000000000000000
0.000000000000000
0.000000000000000
0.000000000000000
0.000000000000000
0.000000000000000
0.000000000000000
0.000000000000000
0.000000000000000
0.000000000000000
0.000000000000000
0.000000000000000
0.000000000000000
0.000000000000000
0.000000000000000
0.000000000000000
0.000000000000000
0.000000000000000
0.000000000000000
0.000000000000000
0.000000000000000
0.000000000000000
0.000000000000000
0.000000000000000
0.000000000000000
0.000000000000000
0.000000000000000
0.000000000000000
0.000000000000000
0.000000000000000
0.000000000000000
0.000000000000000
0.000000000000000
0.000000000000000
0.000000000000000
0.000000000000000
0.000000000000000
0.000000000000000
0.000000000000000
0.000000000000000
0.000000000000000
0.000000000000000
0.000000000000000
0.000000000000000
0.000000000000000
0.000000000000000
0.000000000000000
0.000000000000000
0.000000000000000
0.000000000000000
0.000000000000000
0.000000000000000
0.000000000000000
0.000000000000000
0.000000000000000
0.000000000000000
0.000000000000000
0.000000000000000
0.000000000000000
0.000000000000000
0.000000000000000
0.000000000000000
0.000000000000000
0.000000000000000
0.000000000000000
0.000000000000000
0.000000000000000
-0.000000000884839
0.000000089772751
0.000000933123907
0.000065698841392
0.001751566946718
0.009890568502230
0.032551913157432
0.057211135956912
0.074894358715951
0.082104849649075
0.080456005128396
0.075747374658913
0.071577695143545
0.067477244508173
0.060785947101465
0.048803674122963
0.033261240684813
0.018964497618858
0.007288205797139
0.001254435834184
0.000073074616262
-0.000000561857991
-0.000000005938349
0.000000000054845
-0.000000000000786
-0.000000000000003
0.000000000000000
0.000000000000000
0.000000000000000
0.000000000000000
0.000000000000000
0.000000000000000
0.000000000000000
0.000000000000000
0.000000000000000
0.000000000000000
0.000000000000000
0.000000000000000
0.000000000000000
0.000000000000000
-0.000000000028772
0.000000115466698
0.000001988210082
0.000007975685317
0.000056796303150
0.000274051138370
0.002948447084820
-0.000834910808566
0.013385861775084
0.012564152562548
0.000391565333917
-0.007274136702436
-0.002954707813282
0.008238274495426
0.015722974156613
0.014364402291339
0.006350049577946
-0.002145604191666
-0.004996494771497
-0.002265219761989
-0.000084058963400
0.000064107886982
0.000005677406508
-0.000000430881522
-0.000000001222099
0.000000000000000
0.000000000000000
0.000000000000000
0.000000000000000
0.000000000000000
0.000000000000000
